[3, 4]			[3 4]
[2, 3]			[2 3]

[7, 6]			[-1 -2]
[2, 3]			[2 3]

[7, 0]			[-1  0]
[6, 7]			[-2 -1]

[3, 2]			[3 2]
[6, 7]			[-2 -1]

[3, 2]			[3 2]
[4, 3]			[4 3]

[7, 6]			[-1 -2]
[0, 7]			[ 0 -1]

[3, 6]			[ 3 -2]
[2, 7]			[ 2 -1]

[7, 0]			[-1  0]
[2, 7]			[ 2 -1]

[7, 2]			[-1  2]
[6, 3]			[-2  3]

[3, 4]			[ 3 -4]
[6, 3]			[-2  3]

[7, 2]			[-1  2]
[0, 7]			[ 0 -1]

[3, 6]			[ 3 -2]
[4, 3]			[-4  3]

[3, 2]			[ 3 10]
[2, 7]			[2 7]

[7, 4]			[-1 -4]
[2, 7]			[2 7]

[7, 6]			[-1 -2]
[6, 3]			[-2 -5]

[3, 0]			[3 8]
[6, 3]			[-2 -5]

[3, 0]			[3 8]
[4, 3]			[ 4 11]

[7, 4]			[-1 -4]
[0, 7]			[ 0 -1]

[7, 0]			[-1  0]
[0, 7]			[ 0 -1]

[3, 4]			[3 4]
[4, 3]			[-4 -5]

[7, 4]			[ 7 12]
[4, 7]			[4 7]

[7, 6]			[-1 -2]
[4, 7]			[4 7]

[7, 2]			[ 7 10]
[2, 3]			[2 3]

[3, 4]			[3 4]
[0, 3]			[ 8 11]

[3, 0]			[-5 -8]
[2, 3]			[2 3]

[7, 0]			[-1  0]
[4, 7]			[-4 -1]

[7, 2]			[7 2]
[4, 7]			[-4 -1]

[3, 6]			[-5 -2]
[6, 7]			[-2 -1]

[7, 4]			[7 4]
[6, 7]			[-2 -1]

[3, 2]			[3 2]
[0, 3]			[-8 -5]

[3, 0]			[11  8]
[4, 3]			[4 3]

[3, 2]			[3 2]
[2, 7]			[10  7]

[3, 4]			[-5 -4]
[4, 3]			[4 3]

[7, 4]			[7 4]
[4, 7]			[12  7]

[3, 4]			[11  4]
[0, 3]			[8 3]

[3, 6]			[-5 -2]
[0, 3]			[8 3]

[7, 2]			[7 2]
[2, 3]			[10  3]

[7, 6]			[ 7 -2]
[4, 7]			[ 4 -1]

[7, 0]			[-1  0]
[4, 7]			[ 4 -1]

[7, 4]			[ 7 -4]
[2, 7]			[ 2 -1]

[3, 6]			[ 3 -2]
[0, 3]			[ 8 -5]

[3, 2]			[-5  2]
[2, 7]			[ 2 -1]

[3, 4]			[ 3 -4]
[4, 3]			[ 4 -5]

[3, 0]			[ 3 -8]
[2, 3]			[ 2 -5]

[7, 2]			[-1  2]
[2, 3]			[ 2 -5]

[7, 4]			[-1  4]
[6, 7]			[-2  7]

[3, 6]			[  3 -10]
[6, 7]			[-2  7]

[7, 4]			[-1  4]
[0, 7]			[ 0 -1]

[3, 0]			[ 3 -8]
[4, 3]			[-4 11]

[7, 2]			[-1  2]
[4, 7]			[-4  7]

[7, 4]			[  7 -12]
[4, 7]			[-4  7]

[3, 0]			[-5  8]
[6, 3]			[-2  3]

[7, 6]			[  7 -10]
[6, 3]			[-2  3]

[3, 4]			[ 3 -4]
[0, 3]			[-8 11]

[3, 4]			[-5  4]
[4, 3]			[-4  3]

[3, 0]			[11 -8]
[4, 3]			[-4  3]

[3, 6]			[ 3 -2]
[6, 7]			[-10   7]

[7, 4]			[ 7 -4]
[4, 7]			[-12   7]

[3, 2]			[-5  2]
[0, 3]			[-8  3]

[3, 4]			[11 -4]
[0, 3]			[-8  3]

[7, 6]			[ 7 -2]
[6, 3]			[-10   3]

[3, 0]			[ 3 16]
[2, 3]			[ 2 11]

[7, 2]			[-1 -6]
[2, 3]			[ 2 11]

[7, 4]			[-1 -4]
[6, 7]			[-2 -9]

[3, 6]			[ 3 14]
[6, 7]			[-2 -9]

[3, 6]			[ 3 14]
[4, 3]			[ 4 19]

[7, 2]			[-1 -6]
[0, 7]			[ 0 -1]

[3, 2]			[ 3 10]
[4, 3]			[ -4 -13]

[7, 2]			[ 7 26]
[4, 7]			[ 4 15]

[7, 4]			[-1 -4]
[4, 7]			[ 4 15]

[7, 0]			[ 7 24]
[2, 7]			[2 7]

[3, 2]			[ 3 10]
[0, 3]			[ 8 27]

[5, 0]			[ 5 16]
[4, 5]			[ 4 13]

[3, 6]			[ -5 -18]
[2, 7]			[2 7]

[7, 6]			[-1 -2]
[4, 7]			[-4 -9]

[7, 0]			[ 7 16]
[4, 7]			[-4 -9]

[3, 4]			[ -5 -12]
[6, 3]			[-2 -5]

[7, 2]			[ 7 18]
[6, 3]			[-2 -5]

[3, 0]			[3 8]
[0, 3]			[ -8 -21]

[5, 6]			[ 5 14]
[6, 1]			[ 6 17]

[3, 6]			[11 30]
[4, 3]			[ 4 11]

[3, 0]			[3 8]
[2, 3]			[10 27]

[3, 2]			[ -5 -14]
[4, 3]			[ 4 11]

[7, 2]			[ 7 18]
[4, 7]			[12 31]

[3, 2]			[11 26]
[0, 3]			[ 8 19]

[3, 4]			[ -5 -12]
[0, 3]			[ 8 19]

[7, 0]			[ 7 16]
[2, 7]			[10 23]

[5, 6]			[5 6]
[2, 1]			[-6 -7]

[3, 2]			[-5 -6]
[4, 3]			[-4 -5]

[3, 6]			[11 14]
[4, 3]			[-4 -5]

[3, 4]			[3 4]
[6, 3]			[-10 -13]

[7, 2]			[ 7 10]
[4, 7]			[-12 -17]

[3, 0]			[-5 -8]
[0, 3]			[ -8 -13]

[3, 2]			[11 18]
[0, 3]			[ -8 -13]

[7, 4]			[ 7 12]
[6, 7]			[-10 -17]

[3, 4]			[11 20]
[6, 3]			[ 6 11]

[7, 6]			[-1 -2]
[6, 3]			[ 6 11]

[7, 2]			[15 26]
[4, 7]			[4 7]

[7, 4]			[ 7 12]
[2, 7]			[18 31]

[5, 6]			[13 22]
[2, 1]			[10 17]

[7, 0]			[ -9 -16]
[4, 7]			[4 7]

[3, 2]			[11 18]
[6, 7]			[14 23]

[3, 6]			[19 30]
[4, 3]			[12 19]

[3, 0]			[-5 -8]
[4, 3]			[12 19]

[3, 0]			[11 16]
[2, 3]			[2 3]

[7, 2]			[ 7 10]
[0, 7]			[16 23]

[1, 0]			[17 24]
[4, 1]			[12 17]

[5, 2]			[13 18]
[2, 1]			[18 25]

[3, 2]			[19 26]
[0, 3]			[ 8 11]

[3, 4]			[3 4]
[6, 3]			[14 19]

[3, 6]			[-13 -18]
[0, 3]			[ 8 11]

[1, 6]			[17 22]
[2, 5]			[10 13]

[3, 6]			[11 14]
[2, 7]			[18 23]

[5, 0]			[13 16]
[4, 5]			[4 5]

[5, 6]			[5 6]
[6, 1]			[14 17]

[7, 0]			[7 8]
[6, 7]			[6 7]

[3, 2]			[-5 -6]
[6, 7]			[6 7]

[7, 2]			[ -9 -14]
[2, 3]			[2 3]

[7, 0]			[-1  0]
[2, 7]			[-6 -1]

[3, 2]			[11  2]
[2, 7]			[-6 -1]

[7, 6]			[-9 -2]
[4, 7]			[-4 -1]

[7, 4]			[15  4]
[4, 7]			[-4 -1]

[7, 2]			[7 2]
[6, 3]			[-18  -5]

[3, 4]			[11  4]
[2, 3]			[-14  -5]

[3, 6]			[-5 -2]
[4, 3]			[-12  -5]

[3, 0]			[19  8]
[4, 3]			[-12  -5]

[7, 4]			[-9 -4]
[6, 7]			[-2 -1]

[3, 6]			[11  6]
[6, 7]			[-2 -1]

[7, 4]			[7 4]
[0, 7]			[-16  -9]

[3, 0]			[-13  -8]
[0, 3]			[-8 -5]

[3, 4]			[19 12]
[0, 3]			[-8 -5]

[3, 2]			[3 2]
[2, 7]			[-14  -9]

[3, 0]			[11  8]
[6, 3]			[-18 -13]

[3, 4]			[-5 -4]
[2, 3]			[-6 -5]

[7, 6]			[7 6]
[2, 3]			[-6 -5]

[7, 6]			[7 6]
[0, 7]			[8 7]

[1, 6]			[17 14]
[6, 5]			[6 5]

[5, 4]			[5 4]
[0, 5]			[16 13]

[1, 2]			[-7 -6]
[6, 5]			[6 5]

[7, 2]			[23 18]
[6, 3]			[14 11]

[3, 4]			[-5 -4]
[6, 3]			[14 11]

[5, 2]			[13 10]
[6, 1]			[22 17]

[3, 6]			[19 14]
[4, 3]			[4 3]

[3, 0]			[11  8]
[2, 3]			[26 19]

[1, 2]			[25 18]
[2, 5]			[18 13]

[1, 4]			[17 12]
[0, 1]			[24 17]

[7, 0]			[23 16]
[2, 7]			[10  7]

[3, 2]			[3 2]
[0, 3]			[16 11]

[7, 4]			[-17 -12]
[2, 7]			[10  7]

[3, 6]			[-13 -10]
[4, 3]			[4 3]

[3, 4]			[19 12]
[6, 3]			[30 19]

[7, 6]			[23 14]
[2, 3]			[18 11]

[3, 0]			[-13  -8]
[2, 3]			[18 11]

[1, 2]			[17 10]
[6, 5]			[22 13]

[7, 2]			[31 18]
[4, 7]			[12  7]

[7, 4]			[7 4]
[2, 7]			[26 15]

[7, 6]			[-17 -10]
[4, 7]			[12  7]

[3, 6]			[11  6]
[4, 3]			[20 11]

[7, 2]			[23 10]
[0, 7]			[16  7]

[7, 4]			[-9 -4]
[0, 7]			[16  7]

[3, 0]			[19  8]
[2, 3]			[26 11]

[7, 4]			[31 12]
[2, 7]			[18  7]

[3, 6]			[-5 -2]
[2, 7]			[18  7]

[3, 2]			[27 10]
[0, 3]			[8 3]

[3, 4]			[11  4]
[6, 3]			[30 11]

[1, 6]			[17  6]
[6, 5]			[14  5]

[3, 0]			[-21  -8]
[0, 3]			[8 3]

[5, 4]			[13  4]
[0, 5]			[16  5]

[3, 0]			[27  8]
[2, 3]			[10  3]

[7, 2]			[7 2]
[0, 7]			[24  7]

[3, 4]			[-13  -4]
[2, 3]			[10  3]

[7, 4]			[15  4]
[2, 7]			[26  7]

[3, 4]			[19  4]
[6, 3]			[14  3]

[7, 6]			[-9 -2]
[6, 3]			[14  3]

[3, 2]			[11  2]
[0, 3]			[16  3]

[3, 6]			[11 -2]
[6, 7]			[ 6 -1]

[7, 0]			[-1  0]
[6, 7]			[ 6 -1]

[7, 4]			[15 -4]
[4, 7]			[ 4 -1]

[7, 6]			[ 7 -2]
[2, 3]			[18 -5]

[7, 2]			[-9  2]
[4, 7]			[ 4 -1]

[3, 4]			[11 -4]
[6, 3]			[14 -5]

[3, 0]			[19 -8]
[4, 3]			[12 -5]

[3, 2]			[-5  2]
[4, 3]			[12 -5]

[3, 2]			[11 -6]
[2, 7]			[ 2 -1]

[7, 4]			[ 7 -4]
[0, 7]			[16 -9]

[3, 4]			[ 19 -12]
[0, 3]			[ 8 -5]

[3, 6]			[ 3 -2]
[6, 7]			[14 -9]

[3, 0]			[-13   8]
[0, 3]			[ 8 -5]

[3, 0]			[11 -8]
[2, 3]			[ 18 -13]

[7, 2]			[ 7 -6]
[6, 3]			[ 6 -5]

[3, 4]			[-5  4]
[6, 3]			[ 6 -5]

[7, 4]			[-9  4]
[2, 7]			[ 2 -1]

[5, 2]			[ 5 -6]
[6, 1]			[ 6 -7]

[3, 2]			[ 11 -14]
[4, 3]			[ 4 -5]

[3, 4]			[ 3 -4]
[2, 3]			[ 10 -13]

[3, 6]			[-5  6]
[4, 3]			[ 4 -5]

[7, 6]			[  7 -10]
[4, 7]			[ 12 -17]

[3, 6]			[ 11 -18]
[0, 3]			[  8 -13]

[3, 0]			[-5  8]
[0, 3]			[  8 -13]

[7, 4]			[  7 -12]
[2, 7]			[ 10 -17]

[7, 0]			[  7 -16]
[4, 7]			[ 4 -9]

[7, 2]			[-1  2]
[4, 7]			[ 4 -9]

[7, 6]			[  7 -18]
[2, 3]			[ 2 -5]

[3, 0]			[ 3 -8]
[0, 3]			[  8 -21]

[3, 4]			[-5 12]
[2, 3]			[ 2 -5]

[3, 6]			[  3 -10]
[4, 3]			[  4 -13]

[3, 2]			[  3 -14]
[2, 7]			[ 2 -9]

[7, 4]			[-1  4]
[2, 7]			[ 2 -9]

[7, 6]			[-1  6]
[6, 3]			[-2 11]

[3, 0]			[  3 -16]
[6, 3]			[-2 11]

[7, 6]			[-1  6]
[0, 7]			[ 0 -1]

[3, 2]			[  3 -14]
[4, 3]			[-4 19]

[7, 4]			[-1  4]
[4, 7]			[-4 15]

[7, 6]			[  7 -26]
[4, 7]			[-4 15]

[3, 2]			[-5 18]
[6, 7]			[-2  7]

[7, 0]			[  7 -24]
[6, 7]			[-2  7]

[3, 6]			[  3 -10]
[0, 3]			[-8 27]

[5, 0]			[  5 -16]
[4, 5]			[-4 13]

[5, 2]			[  5 -14]
[2, 1]			[-6 17]

[3, 6]			[-5 14]
[4, 3]			[-4 11]

[3, 2]			[ 11 -30]
[4, 3]			[-4 11]

[3, 0]			[ 3 -8]
[6, 3]			[-10  27]

[7, 6]			[  7 -18]
[4, 7]			[-12  31]

[3, 4]			[-5 12]
[0, 3]			[-8 19]

[3, 6]			[ 11 -26]
[0, 3]			[-8 19]

[7, 0]			[  7 -16]
[6, 7]			[-10  23]

[7, 2]			[-1  2]
[2, 3]			[-6 11]

[3, 4]			[ 11 -20]
[2, 3]			[-6 11]

[7, 0]			[-9 16]
[4, 7]			[-4  7]

[7, 6]			[ 15 -26]
[4, 7]			[-4  7]

[7, 4]			[  7 -12]
[6, 7]			[-18  31]

[5, 2]			[ 13 -22]
[6, 1]			[-10  17]

[3, 6]			[ 11 -18]
[2, 7]			[-14  23]

[3, 0]			[-5  8]
[4, 3]			[-12  19]

[3, 2]			[ 19 -30]
[4, 3]			[-12  19]

[7, 6]			[-9 14]
[6, 3]			[-2  3]

[3, 0]			[ 11 -16]
[6, 3]			[-2  3]

[7, 6]			[  7 -10]
[0, 7]			[-16  23]

[1, 0]			[ 17 -24]
[4, 1]			[-12  17]

[5, 6]			[ 13 -18]
[6, 1]			[-18  25]

[3, 2]			[-13  18]
[0, 3]			[-8 11]

[3, 6]			[ 19 -26]
[0, 3]			[-8 11]

[3, 4]			[ 3 -4]
[2, 3]			[-14  19]

[1, 2]			[ 17 -22]
[6, 5]			[-10  13]

[3, 2]			[ 11 -14]
[6, 7]			[-18  23]

[5, 0]			[ 13 -16]
[4, 5]			[-4  5]

[5, 2]			[ 5 -6]
[2, 1]			[-14  17]

[3, 6]			[-5  6]
[2, 7]			[-6  7]

[7, 0]			[ 7 -8]
[2, 7]			[-6  7]

[7, 2]			[ 7 -6]
[0, 7]			[-8  7]

[1, 6]			[-7  6]
[2, 5]			[-6  5]

[1, 2]			[ 17 -14]
[2, 5]			[-6  5]

[5, 4]			[ 5 -4]
[0, 5]			[-16  13]

[3, 4]			[-5  4]
[2, 3]			[-14  11]

[7, 6]			[ 23 -18]
[2, 3]			[-14  11]

[5, 6]			[ 13 -10]
[2, 1]			[-22  17]

[3, 2]			[-13  10]
[4, 3]			[-4  3]

[3, 2]			[ 19 -14]
[4, 3]			[-4  3]

[3, 0]			[11 -8]
[6, 3]			[-26  19]

[1, 6]			[ 25 -18]
[6, 5]			[-18  13]

[1, 4]			[ 17 -12]
[0, 1]			[-24  17]

[7, 4]			[-17  12]
[6, 7]			[-10   7]

[7, 0]			[ 23 -16]
[6, 7]			[-10   7]

[3, 6]			[ 3 -2]
[0, 3]			[-16  11]

[3, 4]			[ 19 -12]
[2, 3]			[-30  19]

[3, 0]			[-13   8]
[6, 3]			[-18  11]

[7, 2]			[ 23 -14]
[6, 3]			[-18  11]

[1, 6]			[ 17 -10]
[2, 5]			[-22  13]

[7, 2]			[-17  10]
[4, 7]			[-12   7]

[7, 6]			[ 31 -18]
[4, 7]			[-12   7]

[7, 4]			[ 7 -4]
[6, 7]			[-26  15]

[3, 2]			[11 -6]
[4, 3]			[-20  11]

[7, 4]			[-9  4]
[0, 7]			[-16   7]

[7, 6]			[ 23 -10]
[0, 7]			[-16   7]

[3, 0]			[19 -8]
[6, 3]			[-26  11]

[3, 2]			[-5  2]
[6, 7]			[-18   7]

[7, 4]			[ 31 -12]
[6, 7]			[-18   7]

[3, 0]			[-21   8]
[0, 3]			[-8  3]

[3, 6]			[ 27 -10]
[0, 3]			[-8  3]

[3, 4]			[11 -4]
[2, 3]			[-30  11]

[1, 2]			[17 -6]
[2, 5]			[-14   5]

[5, 4]			[13 -4]
[0, 5]			[-16   5]

[3, 4]			[-13   4]
[6, 3]			[-10   3]

[3, 0]			[27 -8]
[6, 3]			[-10   3]

[7, 6]			[ 7 -2]
[0, 7]			[-24   7]

[7, 4]			[15 -4]
[6, 7]			[-26   7]

[7, 2]			[-9  2]
[2, 3]			[-14   3]

[3, 4]			[19 -4]
[2, 3]			[-14   3]

[3, 6]			[11 -2]
[0, 3]			[-16   3]

