[3, 0]			[3 4]
[2, 3]			[2 3]

[3, 2]			[-1 -2]
[2, 3]			[2 3]

[3, 0]			[-1  0]
[2, 3]			[-2 -1]

[3, 2]			[3 2]
[2, 3]			[-2 -1]

[3, 2]			[3 2]
[0, 3]			[4 3]

[3, 2]			[-1 -2]
[0, 3]			[ 0 -1]

[3, 2]			[ 3 -2]
[2, 3]			[ 2 -1]

[3, 0]			[-1  0]
[2, 3]			[ 2 -1]

[3, 2]			[-1  2]
[2, 3]			[-2  3]

[3, 0]			[ 3 -4]
[2, 3]			[-2  3]

[3, 2]			[-1  2]
[0, 3]			[ 0 -1]

[3, 2]			[ 3 -2]
[0, 3]			[-4  3]

[3, 2]			[ 3 10]
[2, 3]			[2 7]

[3, 0]			[-1 -4]
[2, 3]			[2 7]

[3, 2]			[-1 -2]
[2, 3]			[-2 -5]

[3, 0]			[3 8]
[2, 3]			[-2 -5]

[3, 0]			[3 8]
[0, 3]			[ 4 11]

[3, 0]			[-1 -4]
[0, 3]			[ 0 -1]

[3, 0]			[-1  0]
[0, 3]			[ 0 -1]

[3, 0]			[3 4]
[0, 3]			[-4 -5]

[3, 0]			[ 7 12]
[0, 3]			[4 7]

[3, 2]			[-1 -2]
[0, 3]			[4 7]

[3, 2]			[ 7 10]
[2, 3]			[2 3]

[3, 0]			[3 4]
[0, 3]			[ 8 11]

[3, 0]			[-5 -8]
[2, 3]			[2 3]

[3, 0]			[-1  0]
[0, 3]			[-4 -1]

[3, 2]			[7 2]
[0, 3]			[-4 -1]

[3, 2]			[-5 -2]
[2, 3]			[-2 -1]

[3, 0]			[7 4]
[2, 3]			[-2 -1]

[3, 2]			[3 2]
[0, 3]			[-8 -5]

[3, 0]			[11  8]
[0, 3]			[4 3]

[3, 2]			[3 2]
[2, 3]			[10  7]

[3, 0]			[-5 -4]
[0, 3]			[4 3]

[3, 0]			[7 4]
[0, 3]			[12  7]

[3, 0]			[11  4]
[0, 3]			[8 3]

[3, 2]			[-5 -2]
[0, 3]			[8 3]

[3, 2]			[7 2]
[2, 3]			[10  3]

[3, 2]			[ 7 -2]
[0, 3]			[ 4 -1]

[3, 0]			[-1  0]
[0, 3]			[ 4 -1]

[3, 0]			[ 7 -4]
[2, 3]			[ 2 -1]

[3, 2]			[ 3 -2]
[0, 3]			[ 8 -5]

[3, 2]			[-5  2]
[2, 3]			[ 2 -1]

[3, 0]			[ 3 -4]
[0, 3]			[ 4 -5]

[3, 0]			[ 3 -8]
[2, 3]			[ 2 -5]

[3, 2]			[-1  2]
[2, 3]			[ 2 -5]

[3, 0]			[-1  4]
[2, 3]			[-2  7]

[3, 2]			[  3 -10]
[2, 3]			[-2  7]

[3, 0]			[-1  4]
[0, 3]			[ 0 -1]

[3, 0]			[ 3 -8]
[0, 3]			[-4 11]

[3, 2]			[-1  2]
[0, 3]			[-4  7]

[3, 0]			[  7 -12]
[0, 3]			[-4  7]

[3, 0]			[-5  8]
[2, 3]			[-2  3]

[3, 2]			[  7 -10]
[2, 3]			[-2  3]

[3, 0]			[ 3 -4]
[0, 3]			[-8 11]

[3, 0]			[-5  4]
[0, 3]			[-4  3]

[3, 0]			[11 -8]
[0, 3]			[-4  3]

[3, 2]			[ 3 -2]
[2, 3]			[-10   7]

[3, 0]			[ 7 -4]
[0, 3]			[-12   7]

[3, 2]			[-5  2]
[0, 3]			[-8  3]

[3, 0]			[11 -4]
[0, 3]			[-8  3]

[3, 2]			[ 7 -2]
[2, 3]			[-10   3]

[3, 0]			[ 3 16]
[2, 3]			[ 2 11]

[3, 2]			[-1 -6]
[2, 3]			[ 2 11]

[3, 0]			[-1 -4]
[2, 3]			[-2 -9]

[3, 2]			[ 3 14]
[2, 3]			[-2 -9]

[3, 2]			[ 3 14]
[0, 3]			[ 4 19]

[3, 2]			[-1 -6]
[0, 3]			[ 0 -1]

[3, 2]			[ 3 10]
[0, 3]			[ -4 -13]

[3, 2]			[ 7 26]
[0, 3]			[ 4 15]

[3, 0]			[-1 -4]
[0, 3]			[ 4 15]

[3, 0]			[ 7 24]
[2, 3]			[2 7]

[3, 2]			[ 3 10]
[0, 3]			[ 8 27]

[3, 2]			[ -5 -18]
[2, 3]			[2 7]

[3, 2]			[-1 -2]
[0, 3]			[-4 -9]

[3, 0]			[ 7 16]
[0, 3]			[-4 -9]

[3, 0]			[ -5 -12]
[2, 3]			[-2 -5]

[3, 2]			[ 7 18]
[2, 3]			[-2 -5]

[3, 0]			[3 8]
[0, 3]			[ -8 -21]

[3, 2]			[11 30]
[0, 3]			[ 4 11]

[3, 0]			[3 8]
[2, 3]			[10 27]

[3, 2]			[ -5 -14]
[0, 3]			[ 4 11]

[3, 2]			[ 7 18]
[0, 3]			[12 31]

[3, 2]			[11 26]
[0, 3]			[ 8 19]

[3, 0]			[ -5 -12]
[0, 3]			[ 8 19]

[3, 0]			[ 7 16]
[2, 3]			[10 23]

[3, 2]			[-5 -6]
[0, 3]			[-4 -5]

[3, 2]			[11 14]
[0, 3]			[-4 -5]

[3, 0]			[3 4]
[2, 3]			[-10 -13]

[3, 2]			[ 7 10]
[0, 3]			[-12 -17]

[3, 0]			[-5 -8]
[0, 3]			[ -8 -13]

[3, 2]			[11 18]
[0, 3]			[ -8 -13]

[3, 0]			[ 7 12]
[2, 3]			[-10 -17]

[3, 0]			[11 20]
[2, 3]			[ 6 11]

[3, 2]			[-1 -2]
[2, 3]			[ 6 11]

[3, 2]			[15 26]
[0, 3]			[4 7]

[3, 0]			[ 7 12]
[2, 3]			[18 31]

[3, 0]			[ -9 -16]
[0, 3]			[4 7]

[3, 2]			[11 18]
[2, 3]			[14 23]

[3, 2]			[19 30]
[0, 3]			[12 19]

[3, 0]			[-5 -8]
[0, 3]			[12 19]

[3, 0]			[11 16]
[2, 3]			[2 3]

[3, 2]			[ 7 10]
[0, 3]			[16 23]

[3, 2]			[19 26]
[0, 3]			[ 8 11]

[3, 0]			[3 4]
[2, 3]			[14 19]

[3, 2]			[-13 -18]
[0, 3]			[ 8 11]

[3, 2]			[11 14]
[2, 3]			[18 23]

[3, 0]			[7 8]
[2, 3]			[6 7]

[3, 2]			[-5 -6]
[2, 3]			[6 7]

[3, 2]			[ -9 -14]
[2, 3]			[2 3]

[3, 0]			[-1  0]
[2, 3]			[-6 -1]

[3, 2]			[11  2]
[2, 3]			[-6 -1]

[3, 2]			[-9 -2]
[0, 3]			[-4 -1]

[3, 0]			[15  4]
[0, 3]			[-4 -1]

[3, 2]			[7 2]
[2, 3]			[-18  -5]

[3, 0]			[11  4]
[2, 3]			[-14  -5]

[3, 2]			[-5 -2]
[0, 3]			[-12  -5]

[3, 0]			[19  8]
[0, 3]			[-12  -5]

[3, 0]			[-9 -4]
[2, 3]			[-2 -1]

[3, 2]			[11  6]
[2, 3]			[-2 -1]

[3, 0]			[7 4]
[0, 3]			[-16  -9]

[3, 0]			[-13  -8]
[0, 3]			[-8 -5]

[3, 0]			[19 12]
[0, 3]			[-8 -5]

[3, 2]			[3 2]
[2, 3]			[-14  -9]

[3, 0]			[11  8]
[2, 3]			[-18 -13]

[3, 0]			[-5 -4]
[2, 3]			[-6 -5]

[3, 2]			[7 6]
[2, 3]			[-6 -5]

[3, 2]			[7 6]
[0, 3]			[8 7]

[3, 2]			[23 18]
[2, 3]			[14 11]

[3, 0]			[-5 -4]
[2, 3]			[14 11]

[3, 2]			[19 14]
[0, 3]			[4 3]

[3, 0]			[11  8]
[2, 3]			[26 19]

[3, 0]			[23 16]
[2, 3]			[10  7]

[3, 2]			[3 2]
[0, 3]			[16 11]

[3, 0]			[-17 -12]
[2, 3]			[10  7]

[3, 2]			[-13 -10]
[0, 3]			[4 3]

[3, 0]			[19 12]
[2, 3]			[30 19]

[3, 2]			[23 14]
[2, 3]			[18 11]

[3, 0]			[-13  -8]
[2, 3]			[18 11]

[3, 2]			[31 18]
[0, 3]			[12  7]

[3, 0]			[7 4]
[2, 3]			[26 15]

[3, 2]			[-17 -10]
[0, 3]			[12  7]

[3, 2]			[11  6]
[0, 3]			[20 11]

[3, 2]			[23 10]
[0, 3]			[16  7]

[3, 0]			[-9 -4]
[0, 3]			[16  7]

[3, 0]			[19  8]
[2, 3]			[26 11]

[3, 0]			[31 12]
[2, 3]			[18  7]

[3, 2]			[-5 -2]
[2, 3]			[18  7]

[3, 2]			[27 10]
[0, 3]			[8 3]

[3, 0]			[11  4]
[2, 3]			[30 11]

[3, 0]			[-21  -8]
[0, 3]			[8 3]

[3, 0]			[27  8]
[2, 3]			[10  3]

[3, 2]			[7 2]
[0, 3]			[24  7]

[3, 0]			[-13  -4]
[2, 3]			[10  3]

[3, 0]			[15  4]
[2, 3]			[26  7]

[3, 0]			[19  4]
[2, 3]			[14  3]

[3, 2]			[-9 -2]
[2, 3]			[14  3]

[3, 2]			[11  2]
[0, 3]			[16  3]

[3, 2]			[11 -2]
[2, 3]			[ 6 -1]

[3, 0]			[-1  0]
[2, 3]			[ 6 -1]

[3, 0]			[15 -4]
[0, 3]			[ 4 -1]

[3, 2]			[ 7 -2]
[2, 3]			[18 -5]

[3, 2]			[-9  2]
[0, 3]			[ 4 -1]

[3, 0]			[11 -4]
[2, 3]			[14 -5]

[3, 0]			[19 -8]
[0, 3]			[12 -5]

[3, 2]			[-5  2]
[0, 3]			[12 -5]

[3, 2]			[11 -6]
[2, 3]			[ 2 -1]

[3, 0]			[ 7 -4]
[0, 3]			[16 -9]

[3, 0]			[ 19 -12]
[0, 3]			[ 8 -5]

[3, 2]			[ 3 -2]
[2, 3]			[14 -9]

[3, 0]			[-13   8]
[0, 3]			[ 8 -5]

[3, 0]			[11 -8]
[2, 3]			[ 18 -13]

[3, 2]			[ 7 -6]
[2, 3]			[ 6 -5]

[3, 0]			[-5  4]
[2, 3]			[ 6 -5]

[3, 0]			[-9  4]
[2, 3]			[ 2 -1]

[3, 2]			[ 11 -14]
[0, 3]			[ 4 -5]

[3, 0]			[ 3 -4]
[2, 3]			[ 10 -13]

[3, 2]			[-5  6]
[0, 3]			[ 4 -5]

[3, 2]			[  7 -10]
[0, 3]			[ 12 -17]

[3, 2]			[ 11 -18]
[0, 3]			[  8 -13]

[3, 0]			[-5  8]
[0, 3]			[  8 -13]

[3, 0]			[  7 -12]
[2, 3]			[ 10 -17]

[3, 0]			[  7 -16]
[0, 3]			[ 4 -9]

[3, 2]			[-1  2]
[0, 3]			[ 4 -9]

[3, 2]			[  7 -18]
[2, 3]			[ 2 -5]

[3, 0]			[ 3 -8]
[0, 3]			[  8 -21]

[3, 0]			[-5 12]
[2, 3]			[ 2 -5]

[3, 2]			[  3 -10]
[0, 3]			[  4 -13]

[3, 2]			[  3 -14]
[2, 3]			[ 2 -9]

[3, 0]			[-1  4]
[2, 3]			[ 2 -9]

[3, 2]			[-1  6]
[2, 3]			[-2 11]

[3, 0]			[  3 -16]
[2, 3]			[-2 11]

[3, 2]			[-1  6]
[0, 3]			[ 0 -1]

[3, 2]			[  3 -14]
[0, 3]			[-4 19]

[3, 0]			[-1  4]
[0, 3]			[-4 15]

[3, 2]			[  7 -26]
[0, 3]			[-4 15]

[3, 2]			[-5 18]
[2, 3]			[-2  7]

[3, 0]			[  7 -24]
[2, 3]			[-2  7]

[3, 2]			[  3 -10]
[0, 3]			[-8 27]

[3, 2]			[-5 14]
[0, 3]			[-4 11]

[3, 2]			[ 11 -30]
[0, 3]			[-4 11]

[3, 0]			[ 3 -8]
[2, 3]			[-10  27]

[3, 2]			[  7 -18]
[0, 3]			[-12  31]

[3, 0]			[-5 12]
[0, 3]			[-8 19]

[3, 2]			[ 11 -26]
[0, 3]			[-8 19]

[3, 0]			[  7 -16]
[2, 3]			[-10  23]

[3, 2]			[-1  2]
[2, 3]			[-6 11]

[3, 0]			[ 11 -20]
[2, 3]			[-6 11]

[3, 0]			[-9 16]
[0, 3]			[-4  7]

[3, 2]			[ 15 -26]
[0, 3]			[-4  7]

[3, 0]			[  7 -12]
[2, 3]			[-18  31]

[3, 2]			[ 11 -18]
[2, 3]			[-14  23]

[3, 0]			[-5  8]
[0, 3]			[-12  19]

[3, 2]			[ 19 -30]
[0, 3]			[-12  19]

[3, 2]			[-9 14]
[2, 3]			[-2  3]

[3, 0]			[ 11 -16]
[2, 3]			[-2  3]

[3, 2]			[  7 -10]
[0, 3]			[-16  23]

[3, 2]			[-13  18]
[0, 3]			[-8 11]

[3, 2]			[ 19 -26]
[0, 3]			[-8 11]

[3, 0]			[ 3 -4]
[2, 3]			[-14  19]

[3, 2]			[ 11 -14]
[2, 3]			[-18  23]

[3, 2]			[-5  6]
[2, 3]			[-6  7]

[3, 0]			[ 7 -8]
[2, 3]			[-6  7]

[3, 2]			[ 7 -6]
[0, 3]			[-8  7]

[3, 0]			[-5  4]
[2, 3]			[-14  11]

[3, 2]			[ 23 -18]
[2, 3]			[-14  11]

[3, 2]			[-13  10]
[0, 3]			[-4  3]

[3, 2]			[ 19 -14]
[0, 3]			[-4  3]

[3, 0]			[11 -8]
[2, 3]			[-26  19]

[3, 0]			[-17  12]
[2, 3]			[-10   7]

[3, 0]			[ 23 -16]
[2, 3]			[-10   7]

[3, 2]			[ 3 -2]
[0, 3]			[-16  11]

[3, 0]			[ 19 -12]
[2, 3]			[-30  19]

[3, 0]			[-13   8]
[2, 3]			[-18  11]

[3, 2]			[ 23 -14]
[2, 3]			[-18  11]

[3, 2]			[-17  10]
[0, 3]			[-12   7]

[3, 2]			[ 31 -18]
[0, 3]			[-12   7]

[3, 0]			[ 7 -4]
[2, 3]			[-26  15]

[3, 2]			[11 -6]
[0, 3]			[-20  11]

[3, 0]			[-9  4]
[0, 3]			[-16   7]

[3, 2]			[ 23 -10]
[0, 3]			[-16   7]

[3, 0]			[19 -8]
[2, 3]			[-26  11]

[3, 2]			[-5  2]
[2, 3]			[-18   7]

[3, 0]			[ 31 -12]
[2, 3]			[-18   7]

[3, 0]			[-21   8]
[0, 3]			[-8  3]

[3, 2]			[ 27 -10]
[0, 3]			[-8  3]

[3, 0]			[11 -4]
[2, 3]			[-30  11]

[3, 0]			[-13   4]
[2, 3]			[-10   3]

[3, 0]			[27 -8]
[2, 3]			[-10   3]

[3, 2]			[ 7 -2]
[0, 3]			[-24   7]

[3, 0]			[15 -4]
[2, 3]			[-26   7]

[3, 2]			[-9  2]
[2, 3]			[-14   3]

[3, 0]			[19 -4]
[2, 3]			[-14   3]

[3, 2]			[11 -2]
[0, 3]			[-16   3]

