[1 2]
[0 1]

[ 1 -2]
[0 1]

[1 4]
[0 1]

[ 1 -4]
[0 1]

[1 6]
[0 1]

[ 5 12]
[2 5]

[-3 -8]
[2 5]

[-3 -4]
[-2 -3]

[5 8]
[-2 -3]

[ 5 -8]
[ 2 -3]

[-3  4]
[ 2 -3]

[ 1 -6]
[0 1]

[-3  8]
[-2  5]

[  5 -12]
[-2  5]

[1 8]
[0 1]

[ 5 22]
[2 9]

[ -3 -14]
[2 9]

[ -3 -10]
[-2 -7]

[ 5 18]
[-2 -7]

[ 9 22]
[2 5]

[ 9 20]
[4 9]

[ -7 -16]
[4 9]

[ -7 -18]
[2 5]

[ -7 -10]
[-2 -3]

[ 9 14]
[-2 -3]

[ -7 -12]
[-4 -7]

[ 9 16]
[-4 -7]

[  9 -14]
[ 2 -3]

[  9 -16]
[ 4 -7]

[-7 12]
[ 4 -7]

[-7 10]
[ 2 -3]

[  5 -18]
[ 2 -7]

[-3 10]
[ 2 -7]

[ 1 -8]
[0 1]

[-3 14]
[-2  9]

[  5 -22]
[-2  9]

[-7 18]
[-2  5]

[  9 -22]
[-2  5]

[-7 16]
[-4  9]

[  9 -20]
[-4  9]

[ 1 10]
[0 1]

[ 5 32]
[ 2 13]

[ -3 -20]
[ 2 13]

[ -3 -16]
[ -2 -11]

[ 5 28]
[ -2 -11]

[ 9 40]
[2 9]

[ 9 38]
[ 4 17]

[ -7 -30]
[ 4 17]

[ -7 -32]
[2 9]

[ -7 -24]
[-2 -7]

[ 9 32]
[-2 -7]

[ -7 -26]
[ -4 -15]

[ 9 34]
[ -4 -15]

[13 32]
[2 5]

[29 70]
[12 29]

[-19 -46]
[12 29]

[-11 -26]
[ -8 -19]

[21 50]
[ -8 -19]

[17 38]
[4 9]

[13 28]
[ 6 13]

[-11 -24]
[ 6 13]

[-15 -34]
[4 9]

[-11 -30]
[ -4 -11]

[ 5 14]
[ -4 -11]

[-11 -28]
[2 5]

[13 34]
[ 8 21]

[-19 -50]
[ 8 21]

[-11 -16]
[-2 -3]

[-19 -26]
[ -8 -11]

[13 18]
[ -8 -11]

[5 6]
[4 5]

[-11 -14]
[4 5]

[21 34]
[ 8 13]

[-11 -18]
[ 8 13]

[13 20]
[-2 -3]

[-19 -30]
[-12 -19]

[29 46]
[-12 -19]

[-15 -26]
[-4 -7]

[17 30]
[-4 -7]

[-11 -20]
[ -6 -11]

[13 24]
[ -6 -11]

[ 13 -20]
[ 2 -3]

[ 29 -46]
[ 12 -19]

[-19  30]
[ 12 -19]

[-11  18]
[-8 13]

[ 21 -34]
[-8 13]

[ 17 -30]
[ 4 -7]

[ 13 -24]
[  6 -11]

[-11  20]
[  6 -11]

[-15  26]
[ 4 -7]

[-11  14]
[-4  5]

[ 5 -6]
[-4  5]

[-11  16]
[ 2 -3]

[ 13 -18]
[  8 -11]

[-19  26]
[  8 -11]

[  9 -32]
[ 2 -7]

[  9 -34]
[  4 -15]

[-7 26]
[  4 -15]

[-7 24]
[ 2 -7]

[  5 -28]
[  2 -11]

[-3 16]
[  2 -11]

[  1 -10]
[0 1]

[-3 20]
[-2 13]

[  5 -32]
[-2 13]

[-7 32]
[-2  9]

[  9 -40]
[-2  9]

[-7 30]
[-4 17]

[  9 -38]
[-4 17]

[-11  28]
[-2  5]

[-19  50]
[-8 21]

[ 13 -34]
[-8 21]

[  5 -14]
[  4 -11]

[-11  30]
[  4 -11]

[ 21 -50]
[  8 -19]

[-11  26]
[  8 -19]

[ 13 -32]
[-2  5]

[-19  46]
[-12  29]

[ 29 -70]
[-12  29]

[-15  34]
[-4  9]

[ 17 -38]
[-4  9]

[-11  24]
[-6 13]

[ 13 -28]
[-6 13]

[ 1 12]
[0 1]

[ 5 42]
[ 2 17]

[ -3 -26]
[ 2 17]

[ -3 -22]
[ -2 -15]

[ 5 38]
[ -2 -15]

[ 9 58]
[ 2 13]

[ 9 56]
[ 4 25]

[ -7 -44]
[ 4 25]

[ -7 -46]
[ 2 13]

[ -7 -38]
[ -2 -11]

[ 9 50]
[ -2 -11]

[ -7 -40]
[ -4 -23]

[ 9 52]
[ -4 -23]

[13 58]
[2 9]

[ 29 128]
[12 53]

[-19 -84]
[12 53]

[-11 -48]
[ -8 -35]

[21 92]
[ -8 -35]

[17 72]
[ 4 17]

[13 54]
[ 6 25]

[-11 -46]
[ 6 25]

[-15 -64]
[ 4 17]

[-11 -52]
[ -4 -19]

[ 5 24]
[ -4 -19]

[-11 -50]
[2 9]

[13 60]
[ 8 37]

[-19 -88]
[ 8 37]

[-11 -38]
[-2 -7]

[-19 -64]
[ -8 -27]

[13 44]
[ -8 -27]

[ 5 16]
[ 4 13]

[-11 -36]
[ 4 13]

[21 76]
[ 8 29]

[-11 -40]
[ 8 29]

[13 46]
[-2 -7]

[-19 -68]
[-12 -43]

[ 29 104]
[-12 -43]

[-15 -56]
[ -4 -15]

[17 64]
[ -4 -15]

[-11 -42]
[ -6 -23]

[13 50]
[ -6 -23]

[17 42]
[2 5]

[ 49 120]
[20 49]

[-31 -76]
[20 49]

[-23 -56]
[-16 -39]

[ 41 100]
[-16 -39]

[ 53 128]
[12 29]

[ 49 118]
[22 53]

[-39 -94]
[22 53]

[ -43 -104]
[12 29]

[-27 -64]
[ -8 -19]

[37 88]
[ -8 -19]

[-31 -74]
[-18 -43]

[41 98]
[-18 -43]

[25 56]
[4 9]

[ 53 118]
[22 49]

[-35 -78]
[22 49]

[-19 -42]
[-14 -31]

[37 82]
[-14 -31]

[25 54]
[ 6 13]

[17 36]
[ 8 17]

[-15 -32]
[ 8 17]

[-23 -50]
[ 6 13]

[-27 -62]
[-10 -23]

[13 30]
[-10 -23]

[-23 -52]
[4 9]

[29 66]
[18 41]

[-43 -98]
[18 41]

[-19 -52]
[ -4 -11]

[-23 -62]
[-10 -27]

[17 46]
[-10 -27]

[13 36]
[ -4 -11]

[-31 -80]
[-12 -31]

[17 44]
[-12 -31]

[-15 -38]
[2 5]

[25 64]
[16 41]

[ -39 -100]
[16 41]

[29 76]
[ 8 21]

[-35 -92]
[ 8 21]

[25 66]
[14 37]

[-31 -82]
[14 37]

[-15 -22]
[-2 -3]

[-39 -56]
[-16 -23]

[25 36]
[-16 -23]

[17 24]
[12 17]

[-31 -44]
[12 17]

[-35 -48]
[ -8 -11]

[-31 -42]
[-14 -19]

[25 34]
[-14 -19]

[29 40]
[ -8 -11]

[13 16]
[4 5]

[-19 -24]
[4 5]

[17 22]
[10 13]

[-23 -30]
[10 13]

[37 60]
[ 8 13]

[41 66]
[18 29]

[-31 -50]
[18 29]

[-27 -44]
[ 8 13]

[41 64]
[16 25]

[-23 -36]
[16 25]

[17 26]
[-2 -3]

[-31 -48]
[-20 -31]

[49 76]
[-20 -31]

[-43 -68]
[-12 -19]

[53 84]
[-12 -19]

[-39 -62]
[-22 -35]

[49 78]
[-22 -35]

[-23 -40]
[-4 -7]

[-43 -74]
[-18 -31]

[29 50]
[-18 -31]

[13 22]
[10 17]

[-27 -46]
[10 17]

[37 66]
[14 25]

[-19 -34]
[14 25]

[25 44]
[-4 -7]

[-35 -62]
[-22 -39]

[53 94]
[-22 -39]

[-23 -42]
[ -6 -11]

[25 46]
[ -6 -11]

[-15 -28]
[ -8 -15]

[17 32]
[ -8 -15]

[ 17 -26]
[ 2 -3]

[ 49 -76]
[ 20 -31]

[-31  48]
[ 20 -31]

[-23  36]
[-16  25]

[ 41 -64]
[-16  25]

[ 53 -84]
[ 12 -19]

[ 49 -78]
[ 22 -35]

[-39  62]
[ 22 -35]

[-43  68]
[ 12 -19]

[-27  44]
[-8 13]

[ 37 -60]
[-8 13]

[-31  50]
[-18  29]

[ 41 -66]
[-18  29]

[ 25 -44]
[ 4 -7]

[ 53 -94]
[ 22 -39]

[-35  62]
[ 22 -39]

[-19  34]
[-14  25]

[ 37 -66]
[-14  25]

[ 25 -46]
[  6 -11]

[ 17 -32]
[  8 -15]

[-15  28]
[  8 -15]

[-23  42]
[  6 -11]

[-27  46]
[-10  17]

[ 13 -22]
[-10  17]

[-23  40]
[ 4 -7]

[ 29 -50]
[ 18 -31]

[-43  74]
[ 18 -31]

[-19  24]
[-4  5]

[-23  30]
[-10  13]

[ 17 -22]
[-10  13]

[ 13 -16]
[-4  5]

[-31  44]
[-12  17]

[ 17 -24]
[-12  17]

[-15  22]
[ 2 -3]

[ 25 -36]
[ 16 -23]

[-39  56]
[ 16 -23]

[ 29 -40]
[  8 -11]

[-35  48]
[  8 -11]

[ 25 -34]
[ 14 -19]

[-31  42]
[ 14 -19]

[ 13 -46]
[ 2 -7]

[  29 -104]
[ 12 -43]

[-19  68]
[ 12 -43]

[-11  40]
[-8 29]

[ 21 -76]
[-8 29]

[ 17 -64]
[  4 -15]

[ 13 -50]
[  6 -23]

[-11  42]
[  6 -23]

[-15  56]
[  4 -15]

[-11  36]
[-4 13]

[  5 -16]
[-4 13]

[-11  38]
[ 2 -7]

[ 13 -44]
[  8 -27]

[-19  64]
[  8 -27]

[  9 -50]
[  2 -11]

[  9 -52]
[  4 -23]

[-7 40]
[  4 -23]

[-7 38]
[  2 -11]

[  5 -38]
[  2 -15]

[-3 22]
[  2 -15]

[  1 -12]
[0 1]

[-3 26]
[-2 17]

[  5 -42]
[-2 17]

[-7 46]
[-2 13]

[  9 -58]
[-2 13]

[-7 44]
[-4 25]

[  9 -56]
[-4 25]

[-11  50]
[-2  9]

[-19  88]
[-8 37]

[ 13 -60]
[-8 37]

[  5 -24]
[  4 -19]

[-11  52]
[  4 -19]

[ 21 -92]
[  8 -35]

[-11  48]
[  8 -35]

[ 13 -58]
[-2  9]

[-19  84]
[-12  53]

[  29 -128]
[-12  53]

[-15  64]
[-4 17]

[ 17 -72]
[-4 17]

[-11  46]
[-6 25]

[ 13 -54]
[-6 25]

[-15  38]
[-2  5]

[-39 100]
[-16  41]

[ 25 -64]
[-16  41]

[ 17 -44]
[ 12 -31]

[-31  80]
[ 12 -31]

[-35  92]
[-8 21]

[-31  82]
[-14  37]

[ 25 -66]
[-14  37]

[ 29 -76]
[-8 21]

[ 13 -36]
[  4 -11]

[-19  52]
[  4 -11]

[ 17 -46]
[ 10 -27]

[-23  62]
[ 10 -27]

[ 37 -88]
[  8 -19]

[ 41 -98]
[ 18 -43]

[-31  74]
[ 18 -43]

[-27  64]
[  8 -19]

[  41 -100]
[ 16 -39]

[-23  56]
[ 16 -39]

[ 17 -42]
[-2  5]

[-31  76]
[-20  49]

[  49 -120]
[-20  49]

[-43 104]
[-12  29]

[  53 -128]
[-12  29]

[-39  94]
[-22  53]

[  49 -118]
[-22  53]

[-23  52]
[-4  9]

[-43  98]
[-18  41]

[ 29 -66]
[-18  41]

[ 13 -30]
[ 10 -23]

[-27  62]
[ 10 -23]

[ 37 -82]
[ 14 -31]

[-19  42]
[ 14 -31]

[ 25 -56]
[-4  9]

[-35  78]
[-22  49]

[  53 -118]
[-22  49]

[-23  50]
[-6 13]

[ 25 -54]
[-6 13]

[-15  32]
[-8 17]

[ 17 -36]
[-8 17]

[ 1 14]
[0 1]

[ 5 52]
[ 2 21]

[ -3 -32]
[ 2 21]

[ -3 -28]
[ -2 -19]

[ 5 48]
[ -2 -19]

[ 9 76]
[ 2 17]

[ 9 74]
[ 4 33]

[ -7 -58]
[ 4 33]

[ -7 -60]
[ 2 17]

[ -7 -52]
[ -2 -15]

[ 9 68]
[ -2 -15]

[ -7 -54]
[ -4 -31]

[ 9 70]
[ -4 -31]

[13 84]
[ 2 13]

[ 29 186]
[12 77]

[ -19 -122]
[12 77]

[-11 -70]
[ -8 -51]

[ 21 134]
[ -8 -51]

[ 17 106]
[ 4 25]

[13 80]
[ 6 37]

[-11 -68]
[ 6 37]

[-15 -94]
[ 4 25]

[-11 -74]
[ -4 -27]

[ 5 34]
[ -4 -27]

[-11 -72]
[ 2 13]

[13 86]
[ 8 53]

[ -19 -126]
[ 8 53]

[-11 -60]
[ -2 -11]

[ -19 -102]
[ -8 -43]

[13 70]
[ -8 -43]

[ 5 26]
[ 4 21]

[-11 -58]
[ 4 21]

[ 21 118]
[ 8 45]

[-11 -62]
[ 8 45]

[13 72]
[ -2 -11]

[ -19 -106]
[-12 -67]

[ 29 162]
[-12 -67]

[-15 -86]
[ -4 -23]

[17 98]
[ -4 -23]

[-11 -64]
[ -6 -35]

[13 76]
[ -6 -35]

[17 76]
[2 9]

[ 49 218]
[20 89]

[ -31 -138]
[20 89]

[ -23 -102]
[-16 -71]

[ 41 182]
[-16 -71]

[ 53 234]
[12 53]

[ 49 216]
[22 97]

[ -39 -172]
[22 97]

[ -43 -190]
[12 53]

[ -27 -118]
[ -8 -35]

[ 37 162]
[ -8 -35]

[ -31 -136]
[-18 -79]

[ 41 180]
[-18 -79]

[ 25 106]
[ 4 17]

[ 53 224]
[22 93]

[ -35 -148]
[22 93]

[-19 -80]
[-14 -59]

[ 37 156]
[-14 -59]

[ 25 104]
[ 6 25]

[17 70]
[ 8 33]

[-15 -62]
[ 8 33]

[-23 -96]
[ 6 25]

[ -27 -116]
[-10 -43]

[13 56]
[-10 -43]

[-23 -98]
[ 4 17]

[ 29 124]
[18 77]

[ -43 -184]
[18 77]

[-19 -90]
[ -4 -19]

[ -23 -108]
[-10 -47]

[17 80]
[-10 -47]

[13 62]
[ -4 -19]

[ -31 -142]
[-12 -55]

[17 78]
[-12 -55]

[-15 -68]
[2 9]

[ 25 114]
[16 73]

[ -39 -178]
[16 73]

[ 29 134]
[ 8 37]

[ -35 -162]
[ 8 37]

[ 25 116]
[14 65]

[ -31 -144]
[14 65]

[-15 -52]
[-2 -7]

[ -39 -134]
[-16 -55]

[25 86]
[-16 -55]

[17 58]
[12 41]

[ -31 -106]
[12 41]

[ -35 -118]
[ -8 -27]

[ -31 -104]
[-14 -47]

[25 84]
[-14 -47]

[29 98]
[ -8 -27]

[13 42]
[ 4 13]

[-19 -62]
[ 4 13]

[17 56]
[10 33]

[-23 -76]
[10 33]

[ 37 134]
[ 8 29]

[ 41 148]
[18 65]

[ -31 -112]
[18 65]

[-27 -98]
[ 8 29]

[ 41 146]
[16 57]

[-23 -82]
[16 57]

[17 60]
[-2 -7]

[ -31 -110]
[-20 -71]

[ 49 174]
[-20 -71]

[ -43 -154]
[-12 -43]

[ 53 190]
[-12 -43]

[ -39 -140]
[-22 -79]

[ 49 176]
[-22 -79]

[-23 -86]
[ -4 -15]

[ -43 -160]
[-18 -67]

[ 29 108]
[-18 -67]

[13 48]
[10 37]

[ -27 -100]
[10 37]

[ 37 140]
[14 53]

[-19 -72]
[14 53]

[25 94]
[ -4 -15]

[ -35 -132]
[-22 -83]

[ 53 200]
[-22 -83]

[-23 -88]
[ -6 -23]

[25 96]
[ -6 -23]

[-15 -58]
[ -8 -31]

[17 66]
[ -8 -31]

[21 52]
[2 5]

[ 69 170]
[28 69]

[ -43 -106]
[28 69]

[-35 -86]
[-24 -59]

[ 61 150]
[-24 -59]

[ 89 218]
[20 49]

[ 85 208]
[38 93]

[ -67 -164]
[38 93]

[ -71 -174]
[20 49]

[ -55 -134]
[-16 -39]

[ 73 178]
[-16 -39]

[ -59 -144]
[-34 -83]

[ 77 188]
[-34 -83]

[ 77 186]
[12 29]

[169 408]
[ 70 169]

[-111 -268]
[ 70 169]

[ -63 -152]
[ -46 -111]

[121 292]
[ -46 -111]

[ 93 224]
[22 53]

[ 69 166]
[32 77]

[ -59 -142]
[32 77]

[ -83 -200]
[22 53]

[ -71 -172]
[-26 -63]

[33 80]
[-26 -63]

[ -67 -162]
[12 29]

[ 81 196]
[ 50 121]

[-119 -288]
[ 50 121]

[ -43 -102]
[ -8 -19]

[ -71 -168]
[-30 -71]

[ 49 116]
[-30 -71]

[17 40]
[14 33]

[-39 -92]
[14 33]

[ 89 212]
[34 81]

[ -47 -112]
[34 81]

[ 53 126]
[ -8 -19]

[ -79 -188]
[ -50 -119]

[121 288]
[ -50 -119]

[ -67 -160]
[-18 -43]

[ 77 184]
[-18 -43]

[ -51 -122]
[-28 -67]

[ 61 146]
[-28 -67]

[33 74]
[4 9]

[ 93 208]
[38 85]

[ -59 -132]
[38 85]

[-43 -96]
[-30 -67]

[ 77 172]
[-30 -67]

[ 97 216]
[22 49]

[ 89 198]
[40 89]

[ -71 -158]
[40 89]

[ -79 -176]
[22 49]

[ -47 -104]
[-14 -31]

[ 65 144]
[-14 -31]

[ -55 -122]
[-32 -71]

[ 73 162]
[-32 -71]

[37 80]
[ 6 13]

[ 77 166]
[32 69]

[ -51 -110]
[32 69]

[-27 -58]
[-20 -43]

[ 53 114]
[-20 -43]

[33 70]
[ 8 17]

[21 44]
[10 21]

[-19 -40]
[10 21]

[-31 -66]
[ 8 17]

[-43 -94]
[-16 -35]

[21 46]
[-16 -35]

[-35 -76]
[ 6 13]

[45 98]
[28 61]

[ -67 -146]
[28 61]

[ -47 -108]
[-10 -23]

[ -55 -126]
[-24 -55]

[41 94]
[-24 -55]

[33 76]
[-10 -23]

[ -67 -152]
[-26 -59]

[37 84]
[-26 -59]

[-31 -70]
[4 9]

[ 53 120]
[34 77]

[ -83 -188]
[34 77]

[ 65 148]
[18 41]

[ -79 -180]
[18 41]

[ 57 130]
[32 73]

[ -71 -162]
[32 73]

[-27 -74]
[ -4 -11]

[ -63 -172]
[-26 -71]

[ 41 112]
[-26 -71]

[25 68]
[18 49]

[ -47 -128]
[18 49]

[ -43 -116]
[-10 -27]

[-35 -94]
[-16 -43]

[29 78]
[-16 -43]

[ 37 100]
[-10 -27]

[17 48]
[ 6 17]

[ -7 -20]
[ 6 17]

[21 58]
[ -4 -11]

[-23 -64]
[-14 -39]

[33 92]
[-14 -39]

[ -55 -142]
[-12 -31]

[ -59 -152]
[-26 -67]

[ 45 116]
[-26 -67]

[ 41 106]
[-12 -31]

[ -51 -130]
[-20 -51]

[29 74]
[-20 -51]

[-19 -48]
[2 5]

[37 94]
[24 61]

[ -59 -150]
[24 61]

[ 57 146]
[16 41]

[ -71 -182]
[16 41]

[ 53 136]
[30 77]

[ -67 -172]
[30 77]

[ 45 118]
[ 8 21]

[ 81 212]
[34 89]

[ -55 -144]
[34 89]

[-23 -60]
[-18 -47]

[ 49 128]
[-18 -47]

[ -79 -208]
[-30 -79]

[ 41 108]
[-30 -79]

[ -51 -134]
[ 8 21]

[ 73 192]
[ 46 121]

[-111 -292]
[ 46 121]

[ 53 140]
[14 37]

[ -59 -156]
[14 37]

[37 98]
[20 53]

[ -43 -114]
[20 53]

[-19 -28]
[-2 -3]

[-59 -86]
[-24 -35]

[37 54]
[-24 -35]

[29 42]
[20 29]

[-51 -74]
[20 29]

[ -71 -102]
[-16 -23]

[-67 -96]
[-30 -43]

[53 76]
[-30 -43]

[57 82]
[-16 -23]

[41 58]
[12 17]

[-55 -78]
[12 17]

[45 64]
[26 37]

[-59 -84]
[26 37]

[-51 -70]
[ -8 -11]

[-111 -152]
[-46 -63]

[ 73 100]
[-46 -63]

[41 56]
[30 41]

[ -79 -108]
[30 41]

[-59 -80]
[-14 -19]

[-43 -58]
[-20 -27]

[37 50]
[-20 -27]

[53 72]
[-14 -19]

[49 68]
[18 25]

[-23 -32]
[18 25]

[45 62]
[ -8 -11]

[-55 -76]
[-34 -47]

[ 81 112]
[-34 -47]

[21 26]
[4 5]

[33 40]
[14 17]

[-23 -28]
[14 17]

[-7 -8]
[-6 -7]

[17 20]
[-6 -7]

[-47 -60]
[-18 -23]

[25 32]
[-18 -23]

[-27 -34]
[4 5]

[41 52]
[26 33]

[-63 -80]
[26 33]

[37 48]
[10 13]

[-43 -56]
[10 13]

[29 38]
[16 21]

[-35 -46]
[16 21]

[53 86]
[ 8 13]

[121 196]
[50 81]

[ -79 -128]
[50 81]

[-47 -76]
[-34 -55]

[ 89 144]
[-34 -55]

[ 77 124]
[18 29]

[61 98]
[28 45]

[-51 -82]
[28 45]

[ -67 -108]
[18 29]

[-39 -64]
[-14 -23]

[17 28]
[-14 -23]

[-43 -70]
[ 8 13]

[49 80]
[30 49]

[ -71 -116]
[30 49]

[ 73 114]
[16 25]

[ 77 120]
[34 53]

[-59 -92]
[34 53]

[-55 -86]
[16 25]

[61 94]
[24 37]

[-35 -54]
[24 37]

[21 32]
[-2 -3]

[-43 -66]
[-28 -43]

[ 69 106]
[-28 -43]

[ -71 -110]
[-20 -31]

[ 89 138]
[-20 -31]

[ -67 -104]
[-38 -59]

[ 85 132]
[-38 -59]

[ -67 -106]
[-12 -19]

[-119 -188]
[-50 -79]

[ 81 128]
[-50 -79]

[33 52]
[26 41]

[ -71 -112]
[26 41]

[121 192]
[46 73]

[ -63 -100]
[46 73]

[ 77 122]
[-12 -19]

[-111 -176]
[ -70 -111]

[169 268]
[ -70 -111]

[ -83 -132]
[-22 -35]

[ 93 148]
[-22 -35]

[-59 -94]
[-32 -51]

[ 69 110]
[-32 -51]

[-31 -54]
[-4 -7]

[ -83 -144]
[-34 -59]

[53 92]
[-34 -59]

[37 64]
[26 45]

[ -67 -116]
[26 45]

[ -79 -136]
[-18 -31]

[ -71 -122]
[-32 -55]

[57 98]
[-32 -55]

[ 65 112]
[-18 -31]

[33 56]
[10 17]

[-47 -80]
[10 17]

[41 70]
[24 41]

[-55 -94]
[24 41]

[ 65 116]
[14 25]

[ 73 130]
[32 57]

[-55 -98]
[32 57]

[-47 -84]
[14 25]

[ 77 136]
[30 53]

[-43 -76]
[30 53]

[33 58]
[-4 -7]

[ -59 -104]
[-38 -67]

[ 93 164]
[-38 -67]

[ -79 -140]
[-22 -39]

[ 97 172]
[-22 -39]

[ -71 -126]
[-40 -71]

[ 89 158]
[-40 -71]

[-35 -64]
[ -6 -11]

[ -67 -122]
[-28 -51]

[45 82]
[-28 -51]

[21 38]
[16 29]

[-43 -78]
[16 29]

[53 98]
[20 37]

[-27 -50]
[20 37]

[37 68]
[ -6 -11]

[-51 -94]
[-32 -59]

[ 77 142]
[-32 -59]

[-31 -58]
[ -8 -15]

[33 62]
[ -8 -15]

[-19 -36]
[-10 -19]

[21 40]
[-10 -19]

[ 21 -32]
[ 2 -3]

[  69 -106]
[ 28 -43]

[-43  66]
[ 28 -43]

[-35  54]
[-24  37]

[ 61 -94]
[-24  37]

[  89 -138]
[ 20 -31]

[  85 -132]
[ 38 -59]

[-67 104]
[ 38 -59]

[-71 110]
[ 20 -31]

[-55  86]
[-16  25]

[  73 -114]
[-16  25]

[-59  92]
[-34  53]

[  77 -120]
[-34  53]

[  77 -122]
[ 12 -19]

[ 169 -268]
[  70 -111]

[-111  176]
[  70 -111]

[-63 100]
[-46  73]

[ 121 -192]
[-46  73]

[  93 -148]
[ 22 -35]

[  69 -110]
[ 32 -51]

[-59  94]
[ 32 -51]

[-83 132]
[ 22 -35]

[-71 112]
[-26  41]

[ 33 -52]
[-26  41]

[-67 106]
[ 12 -19]

[  81 -128]
[ 50 -79]

[-119  188]
[ 50 -79]

[-43  70]
[-8 13]

[-71 116]
[-30  49]

[ 49 -80]
[-30  49]

[ 17 -28]
[ 14 -23]

[-39  64]
[ 14 -23]

[  89 -144]
[ 34 -55]

[-47  76]
[ 34 -55]

[ 53 -86]
[-8 13]

[-79 128]
[-50  81]

[ 121 -196]
[-50  81]

[-67 108]
[-18  29]

[  77 -124]
[-18  29]

[-51  82]
[-28  45]

[ 61 -98]
[-28  45]

[ 33 -58]
[ 4 -7]

[  93 -164]
[ 38 -67]

[-59 104]
[ 38 -67]

[-43  76]
[-30  53]

[  77 -136]
[-30  53]

[  97 -172]
[ 22 -39]

[  89 -158]
[ 40 -71]

[-71 126]
[ 40 -71]

[-79 140]
[ 22 -39]

[-47  84]
[-14  25]

[  65 -116]
[-14  25]

[-55  98]
[-32  57]

[  73 -130]
[-32  57]

[ 37 -68]
[  6 -11]

[  77 -142]
[ 32 -59]

[-51  94]
[ 32 -59]

[-27  50]
[-20  37]

[ 53 -98]
[-20  37]

[ 33 -62]
[  8 -15]

[ 21 -40]
[ 10 -19]

[-19  36]
[ 10 -19]

[-31  58]
[  8 -15]

[-43  78]
[-16  29]

[ 21 -38]
[-16  29]

[-35  64]
[  6 -11]

[ 45 -82]
[ 28 -51]

[-67 122]
[ 28 -51]

[-47  80]
[-10  17]

[-55  94]
[-24  41]

[ 41 -70]
[-24  41]

[ 33 -56]
[-10  17]

[-67 116]
[-26  45]

[ 37 -64]
[-26  45]

[-31  54]
[ 4 -7]

[ 53 -92]
[ 34 -59]

[-83 144]
[ 34 -59]

[  65 -112]
[ 18 -31]

[-79 136]
[ 18 -31]

[ 57 -98]
[ 32 -55]

[-71 122]
[ 32 -55]

[-27  34]
[-4  5]

[-63  80]
[-26  33]

[ 41 -52]
[-26  33]

[ 25 -32]
[ 18 -23]

[-47  60]
[ 18 -23]

[-43  56]
[-10  13]

[-35  46]
[-16  21]

[ 29 -38]
[-16  21]

[ 37 -48]
[-10  13]

[ 17 -20]
[ 6 -7]

[-7  8]
[ 6 -7]

[ 21 -26]
[-4  5]

[-23  28]
[-14  17]

[ 33 -40]
[-14  17]

[-55  78]
[-12  17]

[-59  84]
[-26  37]

[ 45 -64]
[-26  37]

[ 41 -58]
[-12  17]

[-51  74]
[-20  29]

[ 29 -42]
[-20  29]

[-19  28]
[ 2 -3]

[ 37 -54]
[ 24 -35]

[-59  86]
[ 24 -35]

[ 57 -82]
[ 16 -23]

[-71 102]
[ 16 -23]

[ 53 -76]
[ 30 -43]

[-67  96]
[ 30 -43]

[ 45 -62]
[  8 -11]

[  81 -112]
[ 34 -47]

[-55  76]
[ 34 -47]

[-23  32]
[-18  25]

[ 49 -68]
[-18  25]

[-79 108]
[-30  41]

[ 41 -56]
[-30  41]

[-51  70]
[  8 -11]

[  73 -100]
[ 46 -63]

[-111  152]
[ 46 -63]

[ 53 -72]
[ 14 -19]

[-59  80]
[ 14 -19]

[ 37 -50]
[ 20 -27]

[-43  58]
[ 20 -27]

[ 17 -60]
[ 2 -7]

[  49 -174]
[ 20 -71]

[-31 110]
[ 20 -71]

[-23  82]
[-16  57]

[  41 -146]
[-16  57]

[  53 -190]
[ 12 -43]

[  49 -176]
[ 22 -79]

[-39 140]
[ 22 -79]

[-43 154]
[ 12 -43]

[-27  98]
[-8 29]

[  37 -134]
[-8 29]

[-31 112]
[-18  65]

[  41 -148]
[-18  65]

[ 25 -94]
[  4 -15]

[  53 -200]
[ 22 -83]

[-35 132]
[ 22 -83]

[-19  72]
[-14  53]

[  37 -140]
[-14  53]

[ 25 -96]
[  6 -23]

[ 17 -66]
[  8 -31]

[-15  58]
[  8 -31]

[-23  88]
[  6 -23]

[-27 100]
[-10  37]

[ 13 -48]
[-10  37]

[-23  86]
[  4 -15]

[  29 -108]
[ 18 -67]

[-43 160]
[ 18 -67]

[-19  62]
[-4 13]

[-23  76]
[-10  33]

[ 17 -56]
[-10  33]

[ 13 -42]
[-4 13]

[-31 106]
[-12  41]

[ 17 -58]
[-12  41]

[-15  52]
[ 2 -7]

[ 25 -86]
[ 16 -55]

[-39 134]
[ 16 -55]

[ 29 -98]
[  8 -27]

[-35 118]
[  8 -27]

[ 25 -84]
[ 14 -47]

[-31 104]
[ 14 -47]

[ 13 -72]
[  2 -11]

[  29 -162]
[ 12 -67]

[-19 106]
[ 12 -67]

[-11  62]
[-8 45]

[  21 -118]
[-8 45]

[ 17 -98]
[  4 -23]

[ 13 -76]
[  6 -35]

[-11  64]
[  6 -35]

[-15  86]
[  4 -23]

[-11  58]
[-4 21]

[  5 -26]
[-4 21]

[-11  60]
[  2 -11]

[ 13 -70]
[  8 -43]

[-19 102]
[  8 -43]

[  9 -68]
[  2 -15]

[  9 -70]
[  4 -31]

[-7 54]
[  4 -31]

[-7 52]
[  2 -15]

[  5 -48]
[  2 -19]

[-3 28]
[  2 -19]

[  1 -14]
[0 1]

[-3 32]
[-2 21]

[  5 -52]
[-2 21]

[-7 60]
[-2 17]

[  9 -76]
[-2 17]

[-7 58]
[-4 33]

[  9 -74]
[-4 33]

[-11  72]
[-2 13]

[-19 126]
[-8 53]

[ 13 -86]
[-8 53]

[  5 -34]
[  4 -27]

[-11  74]
[  4 -27]

[  21 -134]
[  8 -51]

[-11  70]
[  8 -51]

[ 13 -84]
[-2 13]

[-19 122]
[-12  77]

[  29 -186]
[-12  77]

[-15  94]
[-4 25]

[  17 -106]
[-4 25]

[-11  68]
[-6 37]

[ 13 -80]
[-6 37]

[-15  68]
[-2  9]

[-39 178]
[-16  73]

[  25 -114]
[-16  73]

[ 17 -78]
[ 12 -55]

[-31 142]
[ 12 -55]

[-35 162]
[-8 37]

[-31 144]
[-14  65]

[  25 -116]
[-14  65]

[  29 -134]
[-8 37]

[ 13 -62]
[  4 -19]

[-19  90]
[  4 -19]

[ 17 -80]
[ 10 -47]

[-23 108]
[ 10 -47]

[  37 -162]
[  8 -35]

[  41 -180]
[ 18 -79]

[-31 136]
[ 18 -79]

[-27 118]
[  8 -35]

[  41 -182]
[ 16 -71]

[-23 102]
[ 16 -71]

[ 17 -76]
[-2  9]

[-31 138]
[-20  89]

[  49 -218]
[-20  89]

[-43 190]
[-12  53]

[  53 -234]
[-12  53]

[-39 172]
[-22  97]

[  49 -216]
[-22  97]

[-23  98]
[-4 17]

[-43 184]
[-18  77]

[  29 -124]
[-18  77]

[ 13 -56]
[ 10 -43]

[-27 116]
[ 10 -43]

[  37 -156]
[ 14 -59]

[-19  80]
[ 14 -59]

[  25 -106]
[-4 17]

[-35 148]
[-22  93]

[  53 -224]
[-22  93]

[-23  96]
[-6 25]

[  25 -104]
[-6 25]

[-15  62]
[-8 33]

[ 17 -70]
[-8 33]

[-19  48]
[-2  5]

[-59 150]
[-24  61]

[ 37 -94]
[-24  61]

[ 29 -74]
[ 20 -51]

[-51 130]
[ 20 -51]

[-71 182]
[-16  41]

[-67 172]
[-30  77]

[  53 -136]
[-30  77]

[  57 -146]
[-16  41]

[  41 -106]
[ 12 -31]

[-55 142]
[ 12 -31]

[  45 -116]
[ 26 -67]

[-59 152]
[ 26 -67]

[-51 134]
[-8 21]

[-111  292]
[-46 121]

[  73 -192]
[-46 121]

[  41 -108]
[ 30 -79]

[-79 208]
[ 30 -79]

[-59 156]
[-14  37]

[-43 114]
[-20  53]

[ 37 -98]
[-20  53]

[  53 -140]
[-14  37]

[  49 -128]
[ 18 -47]

[-23  60]
[ 18 -47]

[  45 -118]
[-8 21]

[-55 144]
[-34  89]

[  81 -212]
[-34  89]

[ 21 -58]
[  4 -11]

[ 33 -92]
[ 14 -39]

[-23  64]
[ 14 -39]

[-7 20]
[-6 17]

[ 17 -48]
[-6 17]

[-47 128]
[-18  49]

[ 25 -68]
[-18  49]

[-27  74]
[  4 -11]

[  41 -112]
[ 26 -71]

[-63 172]
[ 26 -71]

[  37 -100]
[ 10 -27]

[-43 116]
[ 10 -27]

[ 29 -78]
[ 16 -43]

[-35  94]
[ 16 -43]

[  53 -126]
[  8 -19]

[ 121 -288]
[  50 -119]

[-79 188]
[  50 -119]

[-47 112]
[-34  81]

[  89 -212]
[-34  81]

[  77 -184]
[ 18 -43]

[  61 -146]
[ 28 -67]

[-51 122]
[ 28 -67]

[-67 160]
[ 18 -43]

[-39  92]
[-14  33]

[ 17 -40]
[-14  33]

[-43 102]
[  8 -19]

[  49 -116]
[ 30 -71]

[-71 168]
[ 30 -71]

[  73 -178]
[ 16 -39]

[  77 -188]
[ 34 -83]

[-59 144]
[ 34 -83]

[-55 134]
[ 16 -39]

[  61 -150]
[ 24 -59]

[-35  86]
[ 24 -59]

[ 21 -52]
[-2  5]

[-43 106]
[-28  69]

[  69 -170]
[-28  69]

[-71 174]
[-20  49]

[  89 -218]
[-20  49]

[-67 164]
[-38  93]

[  85 -208]
[-38  93]

[-67 162]
[-12  29]

[-119  288]
[-50 121]

[  81 -196]
[-50 121]

[ 33 -80]
[ 26 -63]

[-71 172]
[ 26 -63]

[ 121 -292]
[  46 -111]

[-63 152]
[  46 -111]

[  77 -186]
[-12  29]

[-111  268]
[-70 169]

[ 169 -408]
[-70 169]

[-83 200]
[-22  53]

[  93 -224]
[-22  53]

[-59 142]
[-32  77]

[  69 -166]
[-32  77]

[-31  70]
[-4  9]

[-83 188]
[-34  77]

[  53 -120]
[-34  77]

[ 37 -84]
[ 26 -59]

[-67 152]
[ 26 -59]

[-79 180]
[-18  41]

[-71 162]
[-32  73]

[  57 -130]
[-32  73]

[  65 -148]
[-18  41]

[ 33 -76]
[ 10 -23]

[-47 108]
[ 10 -23]

[ 41 -94]
[ 24 -55]

[-55 126]
[ 24 -55]

[  65 -144]
[ 14 -31]

[  73 -162]
[ 32 -71]

[-55 122]
[ 32 -71]

[-47 104]
[ 14 -31]

[  77 -172]
[ 30 -67]

[-43  96]
[ 30 -67]

[ 33 -74]
[-4  9]

[-59 132]
[-38  85]

[  93 -208]
[-38  85]

[-79 176]
[-22  49]

[  97 -216]
[-22  49]

[-71 158]
[-40  89]

[  89 -198]
[-40  89]

[-35  76]
[-6 13]

[-67 146]
[-28  61]

[ 45 -98]
[-28  61]

[ 21 -46]
[ 16 -35]

[-43  94]
[ 16 -35]

[  53 -114]
[ 20 -43]

[-27  58]
[ 20 -43]

[ 37 -80]
[-6 13]

[-51 110]
[-32  69]

[  77 -166]
[-32  69]

[-31  66]
[-8 17]

[ 33 -70]
[-8 17]

[-19  40]
[-10  21]

[ 21 -44]
[-10  21]

