[1, 0]			[1 0]
[0, 1]			[0 1]

[1, 2]			[1 2]
[0, 1]			[0 1]

[1, 0]			[1 0]
[2, 1]			[2 1]

[1, 2]			[ 1 -2]
[0, 1]			[0 1]

[1, 0]			[1 0]
[2, 1]			[-2  1]

[1, 0]			[1 4]
[0, 1]			[0 1]

[1, 2]			[1 2]
[2, 1]			[2 5]

[1, 2]			[1 2]
[2, 1]			[-2 -3]

[1, 2]			[5 2]
[2, 1]			[2 1]

[1, 0]			[1 0]
[0, 1]			[4 1]

[1, 2]			[-3 -2]
[2, 1]			[2 1]

[1, 2]			[ 1 -2]
[2, 1]			[ 2 -3]

[1, 0]			[ 1 -4]
[0, 1]			[0 1]

[1, 2]			[ 1 -2]
[2, 1]			[-2  5]

[1, 2]			[-3  2]
[2, 1]			[-2  1]

[1, 2]			[ 5 -2]
[2, 1]			[-2  1]

[1, 0]			[1 0]
[0, 1]			[-4  1]

[1, 2]			[1 6]
[0, 1]			[0 1]

[1, 0]			[1 4]
[2, 1]			[2 9]

[1, 0]			[1 4]
[2, 1]			[-2 -7]

[1, 0]			[ 5 12]
[2, 1]			[2 5]

[1, 2]			[1 2]
[0, 1]			[4 9]

[1, 0]			[-3 -8]
[2, 1]			[2 5]

[1, 0]			[-3 -4]
[2, 1]			[-2 -3]

[1, 0]			[5 8]
[2, 1]			[-2 -3]

[1, 2]			[1 2]
[0, 1]			[-4 -7]

[1, 0]			[9 4]
[2, 1]			[2 1]

[1, 2]			[5 2]
[0, 1]			[12  5]

[1, 2]			[5 2]
[0, 1]			[-8 -3]

[1, 2]			[9 2]
[0, 1]			[4 1]

[1, 0]			[1 0]
[2, 1]			[6 1]

[1, 2]			[-7 -2]
[0, 1]			[4 1]

[1, 2]			[-3 -2]
[0, 1]			[-4 -3]

[1, 0]			[-7 -4]
[2, 1]			[2 1]

[1, 2]			[-3 -2]
[0, 1]			[8 5]

[1, 0]			[ 5 -8]
[2, 1]			[ 2 -3]

[1, 2]			[ 1 -2]
[0, 1]			[ 4 -7]

[1, 0]			[-3  4]
[2, 1]			[ 2 -3]

[1, 0]			[ 1 -4]
[2, 1]			[ 2 -7]

[1, 2]			[ 1 -6]
[0, 1]			[0 1]

[1, 0]			[ 1 -4]
[2, 1]			[-2  9]

[1, 0]			[-3  8]
[2, 1]			[-2  5]

[1, 0]			[  5 -12]
[2, 1]			[-2  5]

[1, 2]			[ 1 -2]
[0, 1]			[-4  9]

[1, 0]			[-7  4]
[2, 1]			[-2  1]

[1, 2]			[-3  2]
[0, 1]			[-8  5]

[1, 2]			[-3  2]
[0, 1]			[ 4 -3]

[1, 2]			[ 5 -2]
[0, 1]			[ 8 -3]

[1, 0]			[ 9 -4]
[2, 1]			[-2  1]

[1, 2]			[ 5 -2]
[0, 1]			[-12   5]

[1, 2]			[-7  2]
[0, 1]			[-4  1]

[1, 2]			[ 9 -2]
[0, 1]			[-4  1]

[1, 0]			[1 0]
[2, 1]			[-6  1]

[1, 0]			[1 8]
[0, 1]			[0 1]

[1, 2]			[1 6]
[2, 1]			[ 2 13]

[1, 2]			[1 6]
[2, 1]			[ -2 -11]

[1, 2]			[ 5 22]
[2, 1]			[2 9]

[1, 0]			[1 4]
[0, 1]			[ 4 17]

[1, 2]			[ -3 -14]
[2, 1]			[2 9]

[1, 2]			[ -3 -10]
[2, 1]			[-2 -7]

[1, 2]			[ 5 18]
[2, 1]			[-2 -7]

[1, 0]			[1 4]
[0, 1]			[ -4 -15]

[1, 2]			[ 9 22]
[2, 1]			[2 5]

[1, 0]			[ 5 12]
[0, 1]			[12 29]

[1, 0]			[ 5 12]
[0, 1]			[ -8 -19]

[1, 0]			[ 9 20]
[0, 1]			[4 9]

[1, 2]			[1 2]
[2, 1]			[ 6 13]

[1, 0]			[ -7 -16]
[0, 1]			[4 9]

[1, 0]			[-3 -8]
[0, 1]			[ -4 -11]

[1, 2]			[ -7 -18]
[2, 1]			[2 5]

[1, 0]			[-3 -8]
[0, 1]			[ 8 21]

[1, 2]			[ -7 -10]
[2, 1]			[-2 -3]

[1, 0]			[-3 -4]
[0, 1]			[ -8 -11]

[1, 0]			[-3 -4]
[0, 1]			[4 5]

[1, 0]			[5 8]
[0, 1]			[ 8 13]

[1, 2]			[ 9 14]
[2, 1]			[-2 -3]

[1, 0]			[5 8]
[0, 1]			[-12 -19]

[1, 0]			[ -7 -12]
[0, 1]			[-4 -7]

[1, 0]			[ 9 16]
[0, 1]			[-4 -7]

[1, 2]			[1 2]
[2, 1]			[ -6 -11]

[1, 2]			[13  6]
[2, 1]			[2 1]

[1, 0]			[9 4]
[0, 1]			[20  9]

[1, 0]			[9 4]
[0, 1]			[-16  -7]

[1, 0]			[29 12]
[0, 1]			[12  5]

[1, 2]			[5 2]
[2, 1]			[22  9]

[1, 0]			[-19  -8]
[0, 1]			[12  5]

[1, 0]			[-11  -4]
[0, 1]			[-8 -3]

[1, 0]			[21  8]
[0, 1]			[-8 -3]

[1, 2]			[5 2]
[2, 1]			[-18  -7]

[1, 0]			[17  4]
[0, 1]			[4 1]

[1, 2]			[9 2]
[2, 1]			[22  5]

[1, 2]			[9 2]
[2, 1]			[-14  -3]

[1, 2]			[13  2]
[2, 1]			[6 1]

[1, 0]			[1 0]
[0, 1]			[8 1]

[1, 2]			[-11  -2]
[2, 1]			[6 1]

[1, 2]			[-7 -2]
[2, 1]			[-10  -3]

[1, 0]			[-15  -4]
[0, 1]			[4 1]

[1, 2]			[-7 -2]
[2, 1]			[18  5]

[1, 0]			[-11  -8]
[0, 1]			[-4 -3]

[1, 2]			[-3 -2]
[2, 1]			[-10  -7]

[1, 0]			[5 4]
[0, 1]			[-4 -3]

[1, 0]			[-7 -4]
[0, 1]			[-12  -7]

[1, 2]			[-11  -6]
[2, 1]			[2 1]

[1, 0]			[-7 -4]
[0, 1]			[16  9]

[1, 0]			[13  8]
[0, 1]			[8 5]

[1, 0]			[-19 -12]
[0, 1]			[8 5]

[1, 2]			[-3 -2]
[2, 1]			[14  9]

[1, 2]			[  9 -14]
[2, 1]			[ 2 -3]

[1, 0]			[ 5 -8]
[0, 1]			[ 12 -19]

[1, 0]			[ 5 -8]
[0, 1]			[-8 13]

[1, 0]			[  9 -16]
[0, 1]			[ 4 -7]

[1, 2]			[ 1 -2]
[2, 1]			[  6 -11]

[1, 0]			[-7 12]
[0, 1]			[ 4 -7]

[1, 0]			[-3  4]
[0, 1]			[-4  5]

[1, 2]			[-7 10]
[2, 1]			[ 2 -3]

[1, 0]			[-3  4]
[0, 1]			[  8 -11]

[1, 2]			[  5 -18]
[2, 1]			[ 2 -7]

[1, 0]			[ 1 -4]
[0, 1]			[  4 -15]

[1, 2]			[-3 10]
[2, 1]			[ 2 -7]

[1, 2]			[ 1 -6]
[2, 1]			[  2 -11]

[1, 0]			[ 1 -8]
[0, 1]			[0 1]

[1, 2]			[ 1 -6]
[2, 1]			[-2 13]

[1, 2]			[-3 14]
[2, 1]			[-2  9]

[1, 2]			[  5 -22]
[2, 1]			[-2  9]

[1, 0]			[ 1 -4]
[0, 1]			[-4 17]

[1, 2]			[-7 18]
[2, 1]			[-2  5]

[1, 0]			[-3  8]
[0, 1]			[-8 21]

[1, 0]			[-3  8]
[0, 1]			[  4 -11]

[1, 0]			[  5 -12]
[0, 1]			[  8 -19]

[1, 2]			[  9 -22]
[2, 1]			[-2  5]

[1, 0]			[  5 -12]
[0, 1]			[-12  29]

[1, 0]			[-7 16]
[0, 1]			[-4  9]

[1, 0]			[  9 -20]
[0, 1]			[-4  9]

[1, 2]			[ 1 -2]
[2, 1]			[-6 13]

[1, 2]			[-11   6]
[2, 1]			[-2  1]

[1, 0]			[-7  4]
[0, 1]			[-16   9]

[1, 0]			[-7  4]
[0, 1]			[12 -7]

[1, 0]			[-19  12]
[0, 1]			[-8  5]

[1, 2]			[-3  2]
[2, 1]			[-14   9]

[1, 0]			[13 -8]
[0, 1]			[-8  5]

[1, 0]			[ 5 -4]
[0, 1]			[ 4 -3]

[1, 0]			[-11   8]
[0, 1]			[ 4 -3]

[1, 2]			[-3  2]
[2, 1]			[10 -7]

[1, 0]			[21 -8]
[0, 1]			[ 8 -3]

[1, 2]			[ 5 -2]
[2, 1]			[18 -7]

[1, 0]			[-11   4]
[0, 1]			[ 8 -3]

[1, 0]			[ 9 -4]
[0, 1]			[16 -7]

[1, 2]			[13 -6]
[2, 1]			[-2  1]

[1, 0]			[ 9 -4]
[0, 1]			[-20   9]

[1, 0]			[-19   8]
[0, 1]			[-12   5]

[1, 0]			[ 29 -12]
[0, 1]			[-12   5]

[1, 2]			[ 5 -2]
[2, 1]			[-22   9]

[1, 0]			[-15   4]
[0, 1]			[-4  1]

[1, 2]			[-7  2]
[2, 1]			[-18   5]

[1, 2]			[-7  2]
[2, 1]			[10 -3]

[1, 2]			[ 9 -2]
[2, 1]			[14 -3]

[1, 0]			[17 -4]
[0, 1]			[-4  1]

[1, 2]			[ 9 -2]
[2, 1]			[-22   5]

[1, 2]			[-11   2]
[2, 1]			[-6  1]

[1, 2]			[13 -2]
[2, 1]			[-6  1]

[1, 0]			[1 0]
[0, 1]			[-8  1]

[1, 2]			[ 1 10]
[0, 1]			[0 1]

[1, 0]			[1 8]
[2, 1]			[ 2 17]

[1, 0]			[1 8]
[2, 1]			[ -2 -15]

[1, 0]			[ 5 32]
[2, 1]			[ 2 13]

[1, 2]			[1 6]
[0, 1]			[ 4 25]

[1, 0]			[ -3 -20]
[2, 1]			[ 2 13]

[1, 0]			[ -3 -16]
[2, 1]			[ -2 -11]

[1, 0]			[ 5 28]
[2, 1]			[ -2 -11]

[1, 2]			[1 6]
[0, 1]			[ -4 -23]

[1, 0]			[ 9 40]
[2, 1]			[2 9]

[1, 2]			[ 5 22]
[0, 1]			[12 53]

[1, 2]			[ 5 22]
[0, 1]			[ -8 -35]

[1, 2]			[ 9 38]
[0, 1]			[ 4 17]

[1, 0]			[1 4]
[2, 1]			[ 6 25]

[1, 2]			[ -7 -30]
[0, 1]			[ 4 17]

[1, 2]			[ -3 -14]
[0, 1]			[ -4 -19]

[1, 0]			[ -7 -32]
[2, 1]			[2 9]

[1, 2]			[ -3 -14]
[0, 1]			[ 8 37]

[1, 0]			[ -7 -24]
[2, 1]			[-2 -7]

[1, 2]			[ -3 -10]
[0, 1]			[ -8 -27]

[1, 2]			[ -3 -10]
[0, 1]			[ 4 13]

[1, 2]			[ 5 18]
[0, 1]			[ 8 29]

[1, 0]			[ 9 32]
[2, 1]			[-2 -7]

[1, 2]			[ 5 18]
[0, 1]			[-12 -43]

[1, 2]			[ -7 -26]
[0, 1]			[ -4 -15]

[1, 2]			[ 9 34]
[0, 1]			[ -4 -15]

[1, 0]			[1 4]
[2, 1]			[ -6 -23]

[1, 0]			[13 32]
[2, 1]			[2 5]

[1, 2]			[ 9 22]
[0, 1]			[20 49]

[1, 2]			[ 9 22]
[0, 1]			[-16 -39]

[1, 2]			[29 70]
[0, 1]			[12 29]

[1, 0]			[ 5 12]
[2, 1]			[22 53]

[1, 2]			[-19 -46]
[0, 1]			[12 29]

[1, 2]			[-11 -26]
[0, 1]			[ -8 -19]

[1, 2]			[21 50]
[0, 1]			[ -8 -19]

[1, 0]			[ 5 12]
[2, 1]			[-18 -43]

[1, 2]			[17 38]
[0, 1]			[4 9]

[1, 0]			[ 9 20]
[2, 1]			[22 49]

[1, 0]			[ 9 20]
[2, 1]			[-14 -31]

[1, 0]			[13 28]
[2, 1]			[ 6 13]

[1, 2]			[1 2]
[0, 1]			[ 8 17]

[1, 0]			[-11 -24]
[2, 1]			[ 6 13]

[1, 0]			[ -7 -16]
[2, 1]			[-10 -23]

[1, 2]			[-15 -34]
[0, 1]			[4 9]

[1, 0]			[ -7 -16]
[2, 1]			[18 41]

[1, 2]			[-11 -30]
[0, 1]			[ -4 -11]

[1, 0]			[-3 -8]
[2, 1]			[-10 -27]

[1, 2]			[ 5 14]
[0, 1]			[ -4 -11]

[1, 2]			[ -7 -18]
[0, 1]			[-12 -31]

[1, 0]			[-11 -28]
[2, 1]			[2 5]

[1, 2]			[ -7 -18]
[0, 1]			[16 41]

[1, 2]			[13 34]
[0, 1]			[ 8 21]

[1, 2]			[-19 -50]
[0, 1]			[ 8 21]

[1, 0]			[-3 -8]
[2, 1]			[14 37]

[1, 0]			[-11 -16]
[2, 1]			[-2 -3]

[1, 2]			[ -7 -10]
[0, 1]			[-16 -23]

[1, 2]			[ -7 -10]
[0, 1]			[12 17]

[1, 2]			[-19 -26]
[0, 1]			[ -8 -11]

[1, 0]			[-3 -4]
[2, 1]			[-14 -19]

[1, 2]			[13 18]
[0, 1]			[ -8 -11]

[1, 2]			[5 6]
[0, 1]			[4 5]

[1, 2]			[-11 -14]
[0, 1]			[4 5]

[1, 0]			[-3 -4]
[2, 1]			[10 13]

[1, 2]			[21 34]
[0, 1]			[ 8 13]

[1, 0]			[5 8]
[2, 1]			[18 29]

[1, 2]			[-11 -18]
[0, 1]			[ 8 13]

[1, 2]			[ 9 14]
[0, 1]			[16 25]

[1, 0]			[13 20]
[2, 1]			[-2 -3]

[1, 2]			[ 9 14]
[0, 1]			[-20 -31]

[1, 2]			[-19 -30]
[0, 1]			[-12 -19]

[1, 2]			[29 46]
[0, 1]			[-12 -19]

[1, 0]			[5 8]
[2, 1]			[-22 -35]

[1, 2]			[-15 -26]
[0, 1]			[-4 -7]

[1, 0]			[ -7 -12]
[2, 1]			[-18 -31]

[1, 0]			[ -7 -12]
[2, 1]			[10 17]

[1, 0]			[ 9 16]
[2, 1]			[14 25]

[1, 2]			[17 30]
[0, 1]			[-4 -7]

[1, 0]			[ 9 16]
[2, 1]			[-22 -39]

[1, 0]			[-11 -20]
[2, 1]			[ -6 -11]

[1, 0]			[13 24]
[2, 1]			[ -6 -11]

[1, 2]			[1 2]
[0, 1]			[ -8 -15]

[1, 0]			[17  8]
[2, 1]			[2 1]

[1, 2]			[13  6]
[0, 1]			[28 13]

[1, 2]			[13  6]
[0, 1]			[-24 -11]

[1, 2]			[49 22]
[0, 1]			[20  9]

[1, 0]			[9 4]
[2, 1]			[38 17]

[1, 2]			[-31 -14]
[0, 1]			[20  9]

[1, 2]			[-23 -10]
[0, 1]			[-16  -7]

[1, 2]			[41 18]
[0, 1]			[-16  -7]

[1, 0]			[9 4]
[2, 1]			[-34 -15]

[1, 2]			[53 22]
[0, 1]			[12  5]

[1, 0]			[29 12]
[2, 1]			[70 29]

[1, 0]			[29 12]
[2, 1]			[-46 -19]

[1, 0]			[49 20]
[2, 1]			[22  9]

[1, 2]			[5 2]
[0, 1]			[32 13]

[1, 0]			[-39 -16]
[2, 1]			[22  9]

[1, 0]			[-19  -8]
[2, 1]			[-26 -11]

[1, 2]			[-43 -18]
[0, 1]			[12  5]

[1, 0]			[-19  -8]
[2, 1]			[50 21]

[1, 2]			[-27 -10]
[0, 1]			[-8 -3]

[1, 0]			[-11  -4]
[2, 1]			[-30 -11]

[1, 0]			[-11  -4]
[2, 1]			[14  5]

[1, 0]			[21  8]
[2, 1]			[34 13]

[1, 2]			[37 14]
[0, 1]			[-8 -3]

[1, 0]			[21  8]
[2, 1]			[-50 -19]

[1, 0]			[-31 -12]
[2, 1]			[-18  -7]

[1, 0]			[41 16]
[2, 1]			[-18  -7]

[1, 2]			[5 2]
[0, 1]			[-28 -11]

[1, 2]			[25  6]
[0, 1]			[4 1]

[1, 0]			[17  4]
[2, 1]			[38  9]

[1, 0]			[17  4]
[2, 1]			[-30  -7]

[1, 0]			[53 12]
[2, 1]			[22  5]

[1, 2]			[9 2]
[0, 1]			[40  9]

[1, 0]			[-35  -8]
[2, 1]			[22  5]

[1, 0]			[-19  -4]
[2, 1]			[-14  -3]

[1, 0]			[37  8]
[2, 1]			[-14  -3]

[1, 2]			[9 2]
[0, 1]			[-32  -7]

[1, 0]			[25  4]
[2, 1]			[6 1]

[1, 2]			[13  2]
[0, 1]			[32  5]

[1, 2]			[13  2]
[0, 1]			[-20  -3]

[1, 2]			[17  2]
[0, 1]			[8 1]

[1, 0]			[1 0]
[2, 1]			[10  1]

[1, 2]			[-15  -2]
[0, 1]			[8 1]

[1, 2]			[-11  -2]
[0, 1]			[-16  -3]

[1, 0]			[-23  -4]
[2, 1]			[6 1]

[1, 2]			[-11  -2]
[0, 1]			[28  5]

[1, 0]			[-27  -8]
[2, 1]			[-10  -3]

[1, 2]			[-7 -2]
[0, 1]			[-24  -7]

[1, 0]			[13  4]
[2, 1]			[-10  -3]

[1, 0]			[-15  -4]
[2, 1]			[-26  -7]

[1, 2]			[-23  -6]
[0, 1]			[4 1]

[1, 0]			[-15  -4]
[2, 1]			[34  9]

[1, 0]			[29  8]
[2, 1]			[18  5]

[1, 0]			[-43 -12]
[2, 1]			[18  5]

[1, 2]			[-7 -2]
[0, 1]			[32  9]

[1, 2]			[-19 -14]
[0, 1]			[-4 -3]

[1, 0]			[-11  -8]
[2, 1]			[-26 -19]

[1, 0]			[-11  -8]
[2, 1]			[18 13]

[1, 0]			[-23 -16]
[2, 1]			[-10  -7]

[1, 2]			[-3 -2]
[0, 1]			[-16 -11]

[1, 0]			[17 12]
[2, 1]			[-10  -7]

[1, 0]			[5 4]
[2, 1]			[6 5]

[1, 2]			[13 10]
[0, 1]			[-4 -3]

[1, 0]			[5 4]
[2, 1]			[-14 -11]

[1, 2]			[-31 -18]
[0, 1]			[-12  -7]

[1, 0]			[-7 -4]
[2, 1]			[-26 -15]

[1, 2]			[17 10]
[0, 1]			[-12  -7]

[1, 2]			[-11  -6]
[0, 1]			[-20 -11]

[1, 0]			[-15  -8]
[2, 1]			[2 1]

[1, 2]			[-11  -6]
[0, 1]			[24 13]

[1, 2]			[25 14]
[0, 1]			[16  9]

[1, 2]			[-39 -22]
[0, 1]			[16  9]

[1, 0]			[-7 -4]
[2, 1]			[30 17]

[1, 2]			[29 18]
[0, 1]			[8 5]

[1, 0]			[13  8]
[2, 1]			[34 21]

[1, 0]			[13  8]
[2, 1]			[-18 -11]

[1, 0]			[-19 -12]
[2, 1]			[-30 -19]

[1, 2]			[-35 -22]
[0, 1]			[8 5]

[1, 0]			[-19 -12]
[2, 1]			[46 29]

[1, 0]			[25 16]
[2, 1]			[14  9]

[1, 0]			[-31 -20]
[2, 1]			[14  9]

[1, 2]			[-3 -2]
[0, 1]			[20 13]

[1, 0]			[ 13 -20]
[2, 1]			[ 2 -3]

[1, 2]			[  9 -14]
[0, 1]			[ 20 -31]

[1, 2]			[  9 -14]
[0, 1]			[-16  25]

[1, 2]			[ 29 -46]
[0, 1]			[ 12 -19]

[1, 0]			[ 5 -8]
[2, 1]			[ 22 -35]

[1, 2]			[-19  30]
[0, 1]			[ 12 -19]

[1, 2]			[-11  18]
[0, 1]			[-8 13]

[1, 2]			[ 21 -34]
[0, 1]			[-8 13]

[1, 0]			[ 5 -8]
[2, 1]			[-18  29]

[1, 2]			[ 17 -30]
[0, 1]			[ 4 -7]

[1, 0]			[  9 -16]
[2, 1]			[ 22 -39]

[1, 0]			[  9 -16]
[2, 1]			[-14  25]

[1, 0]			[ 13 -24]
[2, 1]			[  6 -11]

[1, 2]			[ 1 -2]
[0, 1]			[  8 -15]

[1, 0]			[-11  20]
[2, 1]			[  6 -11]

[1, 0]			[-7 12]
[2, 1]			[-10  17]

[1, 2]			[-15  26]
[0, 1]			[ 4 -7]

[1, 0]			[-7 12]
[2, 1]			[ 18 -31]

[1, 2]			[-11  14]
[0, 1]			[-4  5]

[1, 0]			[-3  4]
[2, 1]			[-10  13]

[1, 2]			[ 5 -6]
[0, 1]			[-4  5]

[1, 2]			[-7 10]
[0, 1]			[-12  17]

[1, 0]			[-11  16]
[2, 1]			[ 2 -3]

[1, 2]			[-7 10]
[0, 1]			[ 16 -23]

[1, 2]			[ 13 -18]
[0, 1]			[  8 -11]

[1, 2]			[-19  26]
[0, 1]			[  8 -11]

[1, 0]			[-3  4]
[2, 1]			[ 14 -19]

[1, 0]			[  9 -32]
[2, 1]			[ 2 -7]

[1, 2]			[  5 -18]
[0, 1]			[ 12 -43]

[1, 2]			[  5 -18]
[0, 1]			[-8 29]

[1, 2]			[  9 -34]
[0, 1]			[  4 -15]

[1, 0]			[ 1 -4]
[2, 1]			[  6 -23]

[1, 2]			[-7 26]
[0, 1]			[  4 -15]

[1, 2]			[-3 10]
[0, 1]			[-4 13]

[1, 0]			[-7 24]
[2, 1]			[ 2 -7]

[1, 2]			[-3 10]
[0, 1]			[  8 -27]

[1, 0]			[  5 -28]
[2, 1]			[  2 -11]

[1, 2]			[ 1 -6]
[0, 1]			[  4 -23]

[1, 0]			[-3 16]
[2, 1]			[  2 -11]

[1, 0]			[ 1 -8]
[2, 1]			[  2 -15]

[1, 2]			[  1 -10]
[0, 1]			[0 1]

[1, 0]			[ 1 -8]
[2, 1]			[-2 17]

[1, 0]			[-3 20]
[2, 1]			[-2 13]

[1, 0]			[  5 -32]
[2, 1]			[-2 13]

[1, 2]			[ 1 -6]
[0, 1]			[-4 25]

[1, 0]			[-7 32]
[2, 1]			[-2  9]

[1, 2]			[-3 14]
[0, 1]			[-8 37]

[1, 2]			[-3 14]
[0, 1]			[  4 -19]

[1, 2]			[  5 -22]
[0, 1]			[  8 -35]

[1, 0]			[  9 -40]
[2, 1]			[-2  9]

[1, 2]			[  5 -22]
[0, 1]			[-12  53]

[1, 2]			[-7 30]
[0, 1]			[-4 17]

[1, 2]			[  9 -38]
[0, 1]			[-4 17]

[1, 0]			[ 1 -4]
[2, 1]			[-6 25]

[1, 0]			[-11  28]
[2, 1]			[-2  5]

[1, 2]			[-7 18]
[0, 1]			[-16  41]

[1, 2]			[-7 18]
[0, 1]			[ 12 -31]

[1, 2]			[-19  50]
[0, 1]			[-8 21]

[1, 0]			[-3  8]
[2, 1]			[-14  37]

[1, 2]			[ 13 -34]
[0, 1]			[-8 21]

[1, 2]			[  5 -14]
[0, 1]			[  4 -11]

[1, 2]			[-11  30]
[0, 1]			[  4 -11]

[1, 0]			[-3  8]
[2, 1]			[ 10 -27]

[1, 2]			[ 21 -50]
[0, 1]			[  8 -19]

[1, 0]			[  5 -12]
[2, 1]			[ 18 -43]

[1, 2]			[-11  26]
[0, 1]			[  8 -19]

[1, 2]			[  9 -22]
[0, 1]			[ 16 -39]

[1, 0]			[ 13 -32]
[2, 1]			[-2  5]

[1, 2]			[  9 -22]
[0, 1]			[-20  49]

[1, 2]			[-19  46]
[0, 1]			[-12  29]

[1, 2]			[ 29 -70]
[0, 1]			[-12  29]

[1, 0]			[  5 -12]
[2, 1]			[-22  53]

[1, 2]			[-15  34]
[0, 1]			[-4  9]

[1, 0]			[-7 16]
[2, 1]			[-18  41]

[1, 0]			[-7 16]
[2, 1]			[ 10 -23]

[1, 0]			[  9 -20]
[2, 1]			[ 14 -31]

[1, 2]			[ 17 -38]
[0, 1]			[-4  9]

[1, 0]			[  9 -20]
[2, 1]			[-22  49]

[1, 0]			[-11  24]
[2, 1]			[-6 13]

[1, 0]			[ 13 -28]
[2, 1]			[-6 13]

[1, 2]			[ 1 -2]
[0, 1]			[-8 17]

[1, 0]			[-15   8]
[2, 1]			[-2  1]

[1, 2]			[-11   6]
[0, 1]			[-24  13]

[1, 2]			[-11   6]
[0, 1]			[ 20 -11]

[1, 2]			[-39  22]
[0, 1]			[-16   9]

[1, 0]			[-7  4]
[2, 1]			[-30  17]

[1, 2]			[ 25 -14]
[0, 1]			[-16   9]

[1, 2]			[ 17 -10]
[0, 1]			[12 -7]

[1, 2]			[-31  18]
[0, 1]			[12 -7]

[1, 0]			[-7  4]
[2, 1]			[ 26 -15]

[1, 2]			[-35  22]
[0, 1]			[-8  5]

[1, 0]			[-19  12]
[2, 1]			[-46  29]

[1, 0]			[-19  12]
[2, 1]			[ 30 -19]

[1, 0]			[-31  20]
[2, 1]			[-14   9]

[1, 2]			[-3  2]
[0, 1]			[-20  13]

[1, 0]			[ 25 -16]
[2, 1]			[-14   9]

[1, 0]			[13 -8]
[2, 1]			[ 18 -11]

[1, 2]			[ 29 -18]
[0, 1]			[-8  5]

[1, 0]			[13 -8]
[2, 1]			[-34  21]

[1, 2]			[ 13 -10]
[0, 1]			[ 4 -3]

[1, 0]			[ 5 -4]
[2, 1]			[ 14 -11]

[1, 0]			[ 5 -4]
[2, 1]			[-6  5]

[1, 0]			[-11   8]
[2, 1]			[-18  13]

[1, 2]			[-19  14]
[0, 1]			[ 4 -3]

[1, 0]			[-11   8]
[2, 1]			[ 26 -19]

[1, 0]			[ 17 -12]
[2, 1]			[10 -7]

[1, 0]			[-23  16]
[2, 1]			[10 -7]

[1, 2]			[-3  2]
[0, 1]			[ 16 -11]

[1, 2]			[ 37 -14]
[0, 1]			[ 8 -3]

[1, 0]			[21 -8]
[2, 1]			[ 50 -19]

[1, 0]			[21 -8]
[2, 1]			[-34  13]

[1, 0]			[ 41 -16]
[2, 1]			[18 -7]

[1, 2]			[ 5 -2]
[0, 1]			[ 28 -11]

[1, 0]			[-31  12]
[2, 1]			[18 -7]

[1, 0]			[-11   4]
[2, 1]			[-14   5]

[1, 2]			[-27  10]
[0, 1]			[ 8 -3]

[1, 0]			[-11   4]
[2, 1]			[ 30 -11]

[1, 2]			[ 41 -18]
[0, 1]			[16 -7]

[1, 0]			[ 9 -4]
[2, 1]			[ 34 -15]

[1, 2]			[-23  10]
[0, 1]			[16 -7]

[1, 2]			[13 -6]
[0, 1]			[ 24 -11]

[1, 0]			[17 -8]
[2, 1]			[-2  1]

[1, 2]			[13 -6]
[0, 1]			[-28  13]

[1, 2]			[-31  14]
[0, 1]			[-20   9]

[1, 2]			[ 49 -22]
[0, 1]			[-20   9]

[1, 0]			[ 9 -4]
[2, 1]			[-38  17]

[1, 2]			[-43  18]
[0, 1]			[-12   5]

[1, 0]			[-19   8]
[2, 1]			[-50  21]

[1, 0]			[-19   8]
[2, 1]			[ 26 -11]

[1, 0]			[ 29 -12]
[2, 1]			[ 46 -19]

[1, 2]			[ 53 -22]
[0, 1]			[-12   5]

[1, 0]			[ 29 -12]
[2, 1]			[-70  29]

[1, 0]			[-39  16]
[2, 1]			[-22   9]

[1, 0]			[ 49 -20]
[2, 1]			[-22   9]

[1, 2]			[ 5 -2]
[0, 1]			[-32  13]

[1, 2]			[-23   6]
[0, 1]			[-4  1]

[1, 0]			[-15   4]
[2, 1]			[-34   9]

[1, 0]			[-15   4]
[2, 1]			[26 -7]

[1, 0]			[-43  12]
[2, 1]			[-18   5]

[1, 2]			[-7  2]
[0, 1]			[-32   9]

[1, 0]			[29 -8]
[2, 1]			[-18   5]

[1, 0]			[13 -4]
[2, 1]			[10 -3]

[1, 0]			[-27   8]
[2, 1]			[10 -3]

[1, 2]			[-7  2]
[0, 1]			[24 -7]

[1, 0]			[37 -8]
[2, 1]			[14 -3]

[1, 2]			[ 9 -2]
[0, 1]			[32 -7]

[1, 0]			[-19   4]
[2, 1]			[14 -3]

[1, 0]			[17 -4]
[2, 1]			[30 -7]

[1, 2]			[25 -6]
[0, 1]			[-4  1]

[1, 0]			[17 -4]
[2, 1]			[-38   9]

[1, 0]			[-35   8]
[2, 1]			[-22   5]

[1, 0]			[ 53 -12]
[2, 1]			[-22   5]

[1, 2]			[ 9 -2]
[0, 1]			[-40   9]

[1, 0]			[-23   4]
[2, 1]			[-6  1]

[1, 2]			[-11   2]
[0, 1]			[-28   5]

[1, 2]			[-11   2]
[0, 1]			[16 -3]

[1, 2]			[13 -2]
[0, 1]			[20 -3]

[1, 0]			[25 -4]
[2, 1]			[-6  1]

[1, 2]			[13 -2]
[0, 1]			[-32   5]

[1, 2]			[-15   2]
[0, 1]			[-8  1]

[1, 2]			[17 -2]
[0, 1]			[-8  1]

[1, 0]			[1 0]
[2, 1]			[-10   1]

