[1, 0]			[1 0]
[0, 1]			[0 1]

[1, 2]			[1 2]
[0, 1]			[0 1]

[1, 0]			[1 0]
[2, 1]			[2 1]

[1, 2]			[ 1 -2]
[0, 1]			[0 1]

[1, 0]			[1 0]
[2, 1]			[-2  1]

[1, 0]			[1 4]
[0, 1]			[0 1]

[1, 2]			[1 2]
[2, 1]			[2 5]

[1, 2]			[1 2]
[2, 1]			[-2 -3]

[1, 2]			[5 2]
[2, 1]			[2 1]

[1, 0]			[1 0]
[0, 1]			[4 1]

[1, 2]			[-3 -2]
[2, 1]			[2 1]

[1, 2]			[ 1 -2]
[2, 1]			[ 2 -3]

[1, 0]			[ 1 -4]
[0, 1]			[0 1]

[1, 2]			[ 1 -2]
[2, 1]			[-2  5]

[1, 2]			[-3  2]
[2, 1]			[-2  1]

[1, 2]			[ 5 -2]
[2, 1]			[-2  1]

[1, 0]			[1 0]
[0, 1]			[-4  1]

[1, 2]			[1 6]
[0, 1]			[0 1]

[1, 0]			[1 4]
[2, 1]			[2 9]

[1, 0]			[1 4]
[2, 1]			[-2 -7]

[1, 0]			[ 5 12]
[2, 1]			[2 5]

[1, 2]			[1 2]
[0, 1]			[4 9]

[1, 0]			[-3 -8]
[2, 1]			[2 5]

[1, 0]			[-3 -4]
[2, 1]			[-2 -3]

[1, 0]			[5 8]
[2, 1]			[-2 -3]

[1, 2]			[1 2]
[0, 1]			[-4 -7]

[1, 0]			[9 4]
[2, 1]			[2 1]

[1, 2]			[5 2]
[0, 1]			[12  5]

[1, 2]			[5 2]
[0, 1]			[-8 -3]

[1, 2]			[9 2]
[0, 1]			[4 1]

[1, 0]			[1 0]
[2, 1]			[6 1]

[1, 2]			[-7 -2]
[0, 1]			[4 1]

[1, 2]			[-3 -2]
[0, 1]			[-4 -3]

[1, 0]			[-7 -4]
[2, 1]			[2 1]

[1, 2]			[-3 -2]
[0, 1]			[8 5]

[1, 0]			[ 5 -8]
[2, 1]			[ 2 -3]

[1, 2]			[ 1 -2]
[0, 1]			[ 4 -7]

[1, 0]			[-3  4]
[2, 1]			[ 2 -3]

[1, 0]			[ 1 -4]
[2, 1]			[ 2 -7]

[1, 2]			[ 1 -6]
[0, 1]			[0 1]

[1, 0]			[ 1 -4]
[2, 1]			[-2  9]

[1, 0]			[-3  8]
[2, 1]			[-2  5]

[1, 0]			[  5 -12]
[2, 1]			[-2  5]

[1, 2]			[ 1 -2]
[0, 1]			[-4  9]

[1, 0]			[-7  4]
[2, 1]			[-2  1]

[1, 2]			[-3  2]
[0, 1]			[-8  5]

[1, 2]			[-3  2]
[0, 1]			[ 4 -3]

[1, 2]			[ 5 -2]
[0, 1]			[ 8 -3]

[1, 0]			[ 9 -4]
[2, 1]			[-2  1]

[1, 2]			[ 5 -2]
[0, 1]			[-12   5]

[1, 2]			[-7  2]
[0, 1]			[-4  1]

[1, 2]			[ 9 -2]
[0, 1]			[-4  1]

[1, 0]			[1 0]
[2, 1]			[-6  1]

[1, 0]			[1 8]
[0, 1]			[0 1]

[1, 2]			[1 6]
[2, 1]			[ 2 13]

[1, 2]			[1 6]
[2, 1]			[ -2 -11]

[1, 2]			[ 5 22]
[2, 1]			[2 9]

[1, 0]			[1 4]
[0, 1]			[ 4 17]

[1, 2]			[ -3 -14]
[2, 1]			[2 9]

[1, 2]			[ -3 -10]
[2, 1]			[-2 -7]

[1, 2]			[ 5 18]
[2, 1]			[-2 -7]

[1, 0]			[1 4]
[0, 1]			[ -4 -15]

[1, 2]			[ 9 22]
[2, 1]			[2 5]

[1, 0]			[ 5 12]
[0, 1]			[12 29]

[1, 0]			[ 5 12]
[0, 1]			[ -8 -19]

[1, 0]			[ 9 20]
[0, 1]			[4 9]

[1, 2]			[1 2]
[2, 1]			[ 6 13]

[1, 0]			[ -7 -16]
[0, 1]			[4 9]

[1, 0]			[-3 -8]
[0, 1]			[ -4 -11]

[1, 2]			[ -7 -18]
[2, 1]			[2 5]

[1, 0]			[-3 -8]
[0, 1]			[ 8 21]

[1, 2]			[ -7 -10]
[2, 1]			[-2 -3]

[1, 0]			[-3 -4]
[0, 1]			[ -8 -11]

[1, 0]			[-3 -4]
[0, 1]			[4 5]

[1, 0]			[5 8]
[0, 1]			[ 8 13]

[1, 2]			[ 9 14]
[2, 1]			[-2 -3]

[1, 0]			[5 8]
[0, 1]			[-12 -19]

[1, 0]			[ -7 -12]
[0, 1]			[-4 -7]

[1, 0]			[ 9 16]
[0, 1]			[-4 -7]

[1, 2]			[1 2]
[2, 1]			[ -6 -11]

[1, 2]			[13  6]
[2, 1]			[2 1]

[1, 0]			[9 4]
[0, 1]			[20  9]

[1, 0]			[9 4]
[0, 1]			[-16  -7]

[1, 0]			[29 12]
[0, 1]			[12  5]

[1, 2]			[5 2]
[2, 1]			[22  9]

[1, 0]			[-19  -8]
[0, 1]			[12  5]

[1, 0]			[-11  -4]
[0, 1]			[-8 -3]

[1, 0]			[21  8]
[0, 1]			[-8 -3]

[1, 2]			[5 2]
[2, 1]			[-18  -7]

[1, 0]			[17  4]
[0, 1]			[4 1]

[1, 2]			[9 2]
[2, 1]			[22  5]

[1, 2]			[9 2]
[2, 1]			[-14  -3]

[1, 2]			[13  2]
[2, 1]			[6 1]

[1, 0]			[1 0]
[0, 1]			[8 1]

[1, 2]			[-11  -2]
[2, 1]			[6 1]

[1, 2]			[-7 -2]
[2, 1]			[-10  -3]

[1, 0]			[-15  -4]
[0, 1]			[4 1]

[1, 2]			[-7 -2]
[2, 1]			[18  5]

[1, 0]			[-11  -8]
[0, 1]			[-4 -3]

[1, 2]			[-3 -2]
[2, 1]			[-10  -7]

[1, 0]			[5 4]
[0, 1]			[-4 -3]

[1, 0]			[-7 -4]
[0, 1]			[-12  -7]

[1, 2]			[-11  -6]
[2, 1]			[2 1]

[1, 0]			[-7 -4]
[0, 1]			[16  9]

[1, 0]			[13  8]
[0, 1]			[8 5]

[1, 0]			[-19 -12]
[0, 1]			[8 5]

[1, 2]			[-3 -2]
[2, 1]			[14  9]

[1, 2]			[  9 -14]
[2, 1]			[ 2 -3]

[1, 0]			[ 5 -8]
[0, 1]			[ 12 -19]

[1, 0]			[ 5 -8]
[0, 1]			[-8 13]

[1, 0]			[  9 -16]
[0, 1]			[ 4 -7]

[1, 2]			[ 1 -2]
[2, 1]			[  6 -11]

[1, 0]			[-7 12]
[0, 1]			[ 4 -7]

[1, 0]			[-3  4]
[0, 1]			[-4  5]

[1, 2]			[-7 10]
[2, 1]			[ 2 -3]

[1, 0]			[-3  4]
[0, 1]			[  8 -11]

[1, 2]			[  5 -18]
[2, 1]			[ 2 -7]

[1, 0]			[ 1 -4]
[0, 1]			[  4 -15]

[1, 2]			[-3 10]
[2, 1]			[ 2 -7]

[1, 2]			[ 1 -6]
[2, 1]			[  2 -11]

[1, 0]			[ 1 -8]
[0, 1]			[0 1]

[1, 2]			[ 1 -6]
[2, 1]			[-2 13]

[1, 2]			[-3 14]
[2, 1]			[-2  9]

[1, 2]			[  5 -22]
[2, 1]			[-2  9]

[1, 0]			[ 1 -4]
[0, 1]			[-4 17]

[1, 2]			[-7 18]
[2, 1]			[-2  5]

[1, 0]			[-3  8]
[0, 1]			[-8 21]

[1, 0]			[-3  8]
[0, 1]			[  4 -11]

[1, 0]			[  5 -12]
[0, 1]			[  8 -19]

[1, 2]			[  9 -22]
[2, 1]			[-2  5]

[1, 0]			[  5 -12]
[0, 1]			[-12  29]

[1, 0]			[-7 16]
[0, 1]			[-4  9]

[1, 0]			[  9 -20]
[0, 1]			[-4  9]

[1, 2]			[ 1 -2]
[2, 1]			[-6 13]

[1, 2]			[-11   6]
[2, 1]			[-2  1]

[1, 0]			[-7  4]
[0, 1]			[-16   9]

[1, 0]			[-7  4]
[0, 1]			[12 -7]

[1, 0]			[-19  12]
[0, 1]			[-8  5]

[1, 2]			[-3  2]
[2, 1]			[-14   9]

[1, 0]			[13 -8]
[0, 1]			[-8  5]

[1, 0]			[ 5 -4]
[0, 1]			[ 4 -3]

[1, 0]			[-11   8]
[0, 1]			[ 4 -3]

[1, 2]			[-3  2]
[2, 1]			[10 -7]

[1, 0]			[21 -8]
[0, 1]			[ 8 -3]

[1, 2]			[ 5 -2]
[2, 1]			[18 -7]

[1, 0]			[-11   4]
[0, 1]			[ 8 -3]

[1, 0]			[ 9 -4]
[0, 1]			[16 -7]

[1, 2]			[13 -6]
[2, 1]			[-2  1]

[1, 0]			[ 9 -4]
[0, 1]			[-20   9]

[1, 0]			[-19   8]
[0, 1]			[-12   5]

[1, 0]			[ 29 -12]
[0, 1]			[-12   5]

[1, 2]			[ 5 -2]
[2, 1]			[-22   9]

[1, 0]			[-15   4]
[0, 1]			[-4  1]

[1, 2]			[-7  2]
[2, 1]			[-18   5]

[1, 2]			[-7  2]
[2, 1]			[10 -3]

[1, 2]			[ 9 -2]
[2, 1]			[14 -3]

[1, 0]			[17 -4]
[0, 1]			[-4  1]

[1, 2]			[ 9 -2]
[2, 1]			[-22   5]

[1, 2]			[-11   2]
[2, 1]			[-6  1]

[1, 2]			[13 -2]
[2, 1]			[-6  1]

[1, 0]			[1 0]
[0, 1]			[-8  1]

[1, 2]			[ 1 10]
[0, 1]			[0 1]

[1, 0]			[1 8]
[2, 1]			[ 2 17]

[1, 0]			[1 8]
[2, 1]			[ -2 -15]

[1, 0]			[ 5 32]
[2, 1]			[ 2 13]

[1, 2]			[1 6]
[0, 1]			[ 4 25]

[1, 0]			[ -3 -20]
[2, 1]			[ 2 13]

[1, 0]			[ -3 -16]
[2, 1]			[ -2 -11]

[1, 0]			[ 5 28]
[2, 1]			[ -2 -11]

[1, 2]			[1 6]
[0, 1]			[ -4 -23]

[1, 0]			[ 9 40]
[2, 1]			[2 9]

[1, 2]			[ 5 22]
[0, 1]			[12 53]

[1, 2]			[ 5 22]
[0, 1]			[ -8 -35]

[1, 2]			[ 9 38]
[0, 1]			[ 4 17]

[1, 0]			[1 4]
[2, 1]			[ 6 25]

[1, 2]			[ -7 -30]
[0, 1]			[ 4 17]

[1, 2]			[ -3 -14]
[0, 1]			[ -4 -19]

[1, 0]			[ -7 -32]
[2, 1]			[2 9]

[1, 2]			[ -3 -14]
[0, 1]			[ 8 37]

[1, 0]			[ -7 -24]
[2, 1]			[-2 -7]

[1, 2]			[ -3 -10]
[0, 1]			[ -8 -27]

[1, 2]			[ -3 -10]
[0, 1]			[ 4 13]

[1, 2]			[ 5 18]
[0, 1]			[ 8 29]

[1, 0]			[ 9 32]
[2, 1]			[-2 -7]

[1, 2]			[ 5 18]
[0, 1]			[-12 -43]

[1, 2]			[ -7 -26]
[0, 1]			[ -4 -15]

[1, 2]			[ 9 34]
[0, 1]			[ -4 -15]

[1, 0]			[1 4]
[2, 1]			[ -6 -23]

[1, 0]			[13 32]
[2, 1]			[2 5]

[1, 2]			[ 9 22]
[0, 1]			[20 49]

[1, 2]			[ 9 22]
[0, 1]			[-16 -39]

[1, 2]			[29 70]
[0, 1]			[12 29]

[1, 0]			[ 5 12]
[2, 1]			[22 53]

[1, 2]			[-19 -46]
[0, 1]			[12 29]

[1, 2]			[-11 -26]
[0, 1]			[ -8 -19]

[1, 2]			[21 50]
[0, 1]			[ -8 -19]

[1, 0]			[ 5 12]
[2, 1]			[-18 -43]

[1, 2]			[17 38]
[0, 1]			[4 9]

[1, 0]			[ 9 20]
[2, 1]			[22 49]

[1, 0]			[ 9 20]
[2, 1]			[-14 -31]

[1, 0]			[13 28]
[2, 1]			[ 6 13]

[1, 2]			[1 2]
[0, 1]			[ 8 17]

[1, 0]			[-11 -24]
[2, 1]			[ 6 13]

[1, 0]			[ -7 -16]
[2, 1]			[-10 -23]

[1, 2]			[-15 -34]
[0, 1]			[4 9]

[1, 0]			[ -7 -16]
[2, 1]			[18 41]

[1, 2]			[-11 -30]
[0, 1]			[ -4 -11]

[1, 0]			[-3 -8]
[2, 1]			[-10 -27]

[1, 2]			[ 5 14]
[0, 1]			[ -4 -11]

[1, 2]			[ -7 -18]
[0, 1]			[-12 -31]

[1, 0]			[-11 -28]
[2, 1]			[2 5]

[1, 2]			[ -7 -18]
[0, 1]			[16 41]

[1, 2]			[13 34]
[0, 1]			[ 8 21]

[1, 2]			[-19 -50]
[0, 1]			[ 8 21]

[1, 0]			[-3 -8]
[2, 1]			[14 37]

[1, 0]			[-11 -16]
[2, 1]			[-2 -3]

[1, 2]			[ -7 -10]
[0, 1]			[-16 -23]

[1, 2]			[ -7 -10]
[0, 1]			[12 17]

[1, 2]			[-19 -26]
[0, 1]			[ -8 -11]

[1, 0]			[-3 -4]
[2, 1]			[-14 -19]

[1, 2]			[13 18]
[0, 1]			[ -8 -11]

[1, 2]			[5 6]
[0, 1]			[4 5]

[1, 2]			[-11 -14]
[0, 1]			[4 5]

[1, 0]			[-3 -4]
[2, 1]			[10 13]

[1, 2]			[21 34]
[0, 1]			[ 8 13]

[1, 0]			[5 8]
[2, 1]			[18 29]

[1, 2]			[-11 -18]
[0, 1]			[ 8 13]

[1, 2]			[ 9 14]
[0, 1]			[16 25]

[1, 0]			[13 20]
[2, 1]			[-2 -3]

[1, 2]			[ 9 14]
[0, 1]			[-20 -31]

[1, 2]			[-19 -30]
[0, 1]			[-12 -19]

[1, 2]			[29 46]
[0, 1]			[-12 -19]

[1, 0]			[5 8]
[2, 1]			[-22 -35]

[1, 2]			[-15 -26]
[0, 1]			[-4 -7]

[1, 0]			[ -7 -12]
[2, 1]			[-18 -31]

[1, 0]			[ -7 -12]
[2, 1]			[10 17]

[1, 0]			[ 9 16]
[2, 1]			[14 25]

[1, 2]			[17 30]
[0, 1]			[-4 -7]

[1, 0]			[ 9 16]
[2, 1]			[-22 -39]

[1, 0]			[-11 -20]
[2, 1]			[ -6 -11]

[1, 0]			[13 24]
[2, 1]			[ -6 -11]

[1, 2]			[1 2]
[0, 1]			[ -8 -15]

[1, 0]			[17  8]
[2, 1]			[2 1]

[1, 2]			[13  6]
[0, 1]			[28 13]

[1, 2]			[13  6]
[0, 1]			[-24 -11]

[1, 2]			[49 22]
[0, 1]			[20  9]

[1, 0]			[9 4]
[2, 1]			[38 17]

[1, 2]			[-31 -14]
[0, 1]			[20  9]

[1, 2]			[-23 -10]
[0, 1]			[-16  -7]

[1, 2]			[41 18]
[0, 1]			[-16  -7]

[1, 0]			[9 4]
[2, 1]			[-34 -15]

[1, 2]			[53 22]
[0, 1]			[12  5]

[1, 0]			[29 12]
[2, 1]			[70 29]

[1, 0]			[29 12]
[2, 1]			[-46 -19]

[1, 0]			[49 20]
[2, 1]			[22  9]

[1, 2]			[5 2]
[0, 1]			[32 13]

[1, 0]			[-39 -16]
[2, 1]			[22  9]

[1, 0]			[-19  -8]
[2, 1]			[-26 -11]

[1, 2]			[-43 -18]
[0, 1]			[12  5]

[1, 0]			[-19  -8]
[2, 1]			[50 21]

[1, 2]			[-27 -10]
[0, 1]			[-8 -3]

[1, 0]			[-11  -4]
[2, 1]			[-30 -11]

[1, 0]			[-11  -4]
[2, 1]			[14  5]

[1, 0]			[21  8]
[2, 1]			[34 13]

[1, 2]			[37 14]
[0, 1]			[-8 -3]

[1, 0]			[21  8]
[2, 1]			[-50 -19]

[1, 0]			[-31 -12]
[2, 1]			[-18  -7]

[1, 0]			[41 16]
[2, 1]			[-18  -7]

[1, 2]			[5 2]
[0, 1]			[-28 -11]

[1, 2]			[25  6]
[0, 1]			[4 1]

[1, 0]			[17  4]
[2, 1]			[38  9]

[1, 0]			[17  4]
[2, 1]			[-30  -7]

[1, 0]			[53 12]
[2, 1]			[22  5]

[1, 2]			[9 2]
[0, 1]			[40  9]

[1, 0]			[-35  -8]
[2, 1]			[22  5]

[1, 0]			[-19  -4]
[2, 1]			[-14  -3]

[1, 0]			[37  8]
[2, 1]			[-14  -3]

[1, 2]			[9 2]
[0, 1]			[-32  -7]

[1, 0]			[25  4]
[2, 1]			[6 1]

[1, 2]			[13  2]
[0, 1]			[32  5]

[1, 2]			[13  2]
[0, 1]			[-20  -3]

[1, 2]			[17  2]
[0, 1]			[8 1]

[1, 0]			[1 0]
[2, 1]			[10  1]

[1, 2]			[-15  -2]
[0, 1]			[8 1]

[1, 2]			[-11  -2]
[0, 1]			[-16  -3]

[1, 0]			[-23  -4]
[2, 1]			[6 1]

[1, 2]			[-11  -2]
[0, 1]			[28  5]

[1, 0]			[-27  -8]
[2, 1]			[-10  -3]

[1, 2]			[-7 -2]
[0, 1]			[-24  -7]

[1, 0]			[13  4]
[2, 1]			[-10  -3]

[1, 0]			[-15  -4]
[2, 1]			[-26  -7]

[1, 2]			[-23  -6]
[0, 1]			[4 1]

[1, 0]			[-15  -4]
[2, 1]			[34  9]

[1, 0]			[29  8]
[2, 1]			[18  5]

[1, 0]			[-43 -12]
[2, 1]			[18  5]

[1, 2]			[-7 -2]
[0, 1]			[32  9]

[1, 2]			[-19 -14]
[0, 1]			[-4 -3]

[1, 0]			[-11  -8]
[2, 1]			[-26 -19]

[1, 0]			[-11  -8]
[2, 1]			[18 13]

[1, 0]			[-23 -16]
[2, 1]			[-10  -7]

[1, 2]			[-3 -2]
[0, 1]			[-16 -11]

[1, 0]			[17 12]
[2, 1]			[-10  -7]

[1, 0]			[5 4]
[2, 1]			[6 5]

[1, 2]			[13 10]
[0, 1]			[-4 -3]

[1, 0]			[5 4]
[2, 1]			[-14 -11]

[1, 2]			[-31 -18]
[0, 1]			[-12  -7]

[1, 0]			[-7 -4]
[2, 1]			[-26 -15]

[1, 2]			[17 10]
[0, 1]			[-12  -7]

[1, 2]			[-11  -6]
[0, 1]			[-20 -11]

[1, 0]			[-15  -8]
[2, 1]			[2 1]

[1, 2]			[-11  -6]
[0, 1]			[24 13]

[1, 2]			[25 14]
[0, 1]			[16  9]

[1, 2]			[-39 -22]
[0, 1]			[16  9]

[1, 0]			[-7 -4]
[2, 1]			[30 17]

[1, 2]			[29 18]
[0, 1]			[8 5]

[1, 0]			[13  8]
[2, 1]			[34 21]

[1, 0]			[13  8]
[2, 1]			[-18 -11]

[1, 0]			[-19 -12]
[2, 1]			[-30 -19]

[1, 2]			[-35 -22]
[0, 1]			[8 5]

[1, 0]			[-19 -12]
[2, 1]			[46 29]

[1, 0]			[25 16]
[2, 1]			[14  9]

[1, 0]			[-31 -20]
[2, 1]			[14  9]

[1, 2]			[-3 -2]
[0, 1]			[20 13]

[1, 0]			[ 13 -20]
[2, 1]			[ 2 -3]

[1, 2]			[  9 -14]
[0, 1]			[ 20 -31]

[1, 2]			[  9 -14]
[0, 1]			[-16  25]

[1, 2]			[ 29 -46]
[0, 1]			[ 12 -19]

[1, 0]			[ 5 -8]
[2, 1]			[ 22 -35]

[1, 2]			[-19  30]
[0, 1]			[ 12 -19]

[1, 2]			[-11  18]
[0, 1]			[-8 13]

[1, 2]			[ 21 -34]
[0, 1]			[-8 13]

[1, 0]			[ 5 -8]
[2, 1]			[-18  29]

[1, 2]			[ 17 -30]
[0, 1]			[ 4 -7]

[1, 0]			[  9 -16]
[2, 1]			[ 22 -39]

[1, 0]			[  9 -16]
[2, 1]			[-14  25]

[1, 0]			[ 13 -24]
[2, 1]			[  6 -11]

[1, 2]			[ 1 -2]
[0, 1]			[  8 -15]

[1, 0]			[-11  20]
[2, 1]			[  6 -11]

[1, 0]			[-7 12]
[2, 1]			[-10  17]

[1, 2]			[-15  26]
[0, 1]			[ 4 -7]

[1, 0]			[-7 12]
[2, 1]			[ 18 -31]

[1, 2]			[-11  14]
[0, 1]			[-4  5]

[1, 0]			[-3  4]
[2, 1]			[-10  13]

[1, 2]			[ 5 -6]
[0, 1]			[-4  5]

[1, 2]			[-7 10]
[0, 1]			[-12  17]

[1, 0]			[-11  16]
[2, 1]			[ 2 -3]

[1, 2]			[-7 10]
[0, 1]			[ 16 -23]

[1, 2]			[ 13 -18]
[0, 1]			[  8 -11]

[1, 2]			[-19  26]
[0, 1]			[  8 -11]

[1, 0]			[-3  4]
[2, 1]			[ 14 -19]

[1, 0]			[  9 -32]
[2, 1]			[ 2 -7]

[1, 2]			[  5 -18]
[0, 1]			[ 12 -43]

[1, 2]			[  5 -18]
[0, 1]			[-8 29]

[1, 2]			[  9 -34]
[0, 1]			[  4 -15]

[1, 0]			[ 1 -4]
[2, 1]			[  6 -23]

[1, 2]			[-7 26]
[0, 1]			[  4 -15]

[1, 2]			[-3 10]
[0, 1]			[-4 13]

[1, 0]			[-7 24]
[2, 1]			[ 2 -7]

[1, 2]			[-3 10]
[0, 1]			[  8 -27]

[1, 0]			[  5 -28]
[2, 1]			[  2 -11]

[1, 2]			[ 1 -6]
[0, 1]			[  4 -23]

[1, 0]			[-3 16]
[2, 1]			[  2 -11]

[1, 0]			[ 1 -8]
[2, 1]			[  2 -15]

[1, 2]			[  1 -10]
[0, 1]			[0 1]

[1, 0]			[ 1 -8]
[2, 1]			[-2 17]

[1, 0]			[-3 20]
[2, 1]			[-2 13]

[1, 0]			[  5 -32]
[2, 1]			[-2 13]

[1, 2]			[ 1 -6]
[0, 1]			[-4 25]

[1, 0]			[-7 32]
[2, 1]			[-2  9]

[1, 2]			[-3 14]
[0, 1]			[-8 37]

[1, 2]			[-3 14]
[0, 1]			[  4 -19]

[1, 2]			[  5 -22]
[0, 1]			[  8 -35]

[1, 0]			[  9 -40]
[2, 1]			[-2  9]

[1, 2]			[  5 -22]
[0, 1]			[-12  53]

[1, 2]			[-7 30]
[0, 1]			[-4 17]

[1, 2]			[  9 -38]
[0, 1]			[-4 17]

[1, 0]			[ 1 -4]
[2, 1]			[-6 25]

[1, 0]			[-11  28]
[2, 1]			[-2  5]

[1, 2]			[-7 18]
[0, 1]			[-16  41]

[1, 2]			[-7 18]
[0, 1]			[ 12 -31]

[1, 2]			[-19  50]
[0, 1]			[-8 21]

[1, 0]			[-3  8]
[2, 1]			[-14  37]

[1, 2]			[ 13 -34]
[0, 1]			[-8 21]

[1, 2]			[  5 -14]
[0, 1]			[  4 -11]

[1, 2]			[-11  30]
[0, 1]			[  4 -11]

[1, 0]			[-3  8]
[2, 1]			[ 10 -27]

[1, 2]			[ 21 -50]
[0, 1]			[  8 -19]

[1, 0]			[  5 -12]
[2, 1]			[ 18 -43]

[1, 2]			[-11  26]
[0, 1]			[  8 -19]

[1, 2]			[  9 -22]
[0, 1]			[ 16 -39]

[1, 0]			[ 13 -32]
[2, 1]			[-2  5]

[1, 2]			[  9 -22]
[0, 1]			[-20  49]

[1, 2]			[-19  46]
[0, 1]			[-12  29]

[1, 2]			[ 29 -70]
[0, 1]			[-12  29]

[1, 0]			[  5 -12]
[2, 1]			[-22  53]

[1, 2]			[-15  34]
[0, 1]			[-4  9]

[1, 0]			[-7 16]
[2, 1]			[-18  41]

[1, 0]			[-7 16]
[2, 1]			[ 10 -23]

[1, 0]			[  9 -20]
[2, 1]			[ 14 -31]

[1, 2]			[ 17 -38]
[0, 1]			[-4  9]

[1, 0]			[  9 -20]
[2, 1]			[-22  49]

[1, 0]			[-11  24]
[2, 1]			[-6 13]

[1, 0]			[ 13 -28]
[2, 1]			[-6 13]

[1, 2]			[ 1 -2]
[0, 1]			[-8 17]

[1, 0]			[-15   8]
[2, 1]			[-2  1]

[1, 2]			[-11   6]
[0, 1]			[-24  13]

[1, 2]			[-11   6]
[0, 1]			[ 20 -11]

[1, 2]			[-39  22]
[0, 1]			[-16   9]

[1, 0]			[-7  4]
[2, 1]			[-30  17]

[1, 2]			[ 25 -14]
[0, 1]			[-16   9]

[1, 2]			[ 17 -10]
[0, 1]			[12 -7]

[1, 2]			[-31  18]
[0, 1]			[12 -7]

[1, 0]			[-7  4]
[2, 1]			[ 26 -15]

[1, 2]			[-35  22]
[0, 1]			[-8  5]

[1, 0]			[-19  12]
[2, 1]			[-46  29]

[1, 0]			[-19  12]
[2, 1]			[ 30 -19]

[1, 0]			[-31  20]
[2, 1]			[-14   9]

[1, 2]			[-3  2]
[0, 1]			[-20  13]

[1, 0]			[ 25 -16]
[2, 1]			[-14   9]

[1, 0]			[13 -8]
[2, 1]			[ 18 -11]

[1, 2]			[ 29 -18]
[0, 1]			[-8  5]

[1, 0]			[13 -8]
[2, 1]			[-34  21]

[1, 2]			[ 13 -10]
[0, 1]			[ 4 -3]

[1, 0]			[ 5 -4]
[2, 1]			[ 14 -11]

[1, 0]			[ 5 -4]
[2, 1]			[-6  5]

[1, 0]			[-11   8]
[2, 1]			[-18  13]

[1, 2]			[-19  14]
[0, 1]			[ 4 -3]

[1, 0]			[-11   8]
[2, 1]			[ 26 -19]

[1, 0]			[ 17 -12]
[2, 1]			[10 -7]

[1, 0]			[-23  16]
[2, 1]			[10 -7]

[1, 2]			[-3  2]
[0, 1]			[ 16 -11]

[1, 2]			[ 37 -14]
[0, 1]			[ 8 -3]

[1, 0]			[21 -8]
[2, 1]			[ 50 -19]

[1, 0]			[21 -8]
[2, 1]			[-34  13]

[1, 0]			[ 41 -16]
[2, 1]			[18 -7]

[1, 2]			[ 5 -2]
[0, 1]			[ 28 -11]

[1, 0]			[-31  12]
[2, 1]			[18 -7]

[1, 0]			[-11   4]
[2, 1]			[-14   5]

[1, 2]			[-27  10]
[0, 1]			[ 8 -3]

[1, 0]			[-11   4]
[2, 1]			[ 30 -11]

[1, 2]			[ 41 -18]
[0, 1]			[16 -7]

[1, 0]			[ 9 -4]
[2, 1]			[ 34 -15]

[1, 2]			[-23  10]
[0, 1]			[16 -7]

[1, 2]			[13 -6]
[0, 1]			[ 24 -11]

[1, 0]			[17 -8]
[2, 1]			[-2  1]

[1, 2]			[13 -6]
[0, 1]			[-28  13]

[1, 2]			[-31  14]
[0, 1]			[-20   9]

[1, 2]			[ 49 -22]
[0, 1]			[-20   9]

[1, 0]			[ 9 -4]
[2, 1]			[-38  17]

[1, 2]			[-43  18]
[0, 1]			[-12   5]

[1, 0]			[-19   8]
[2, 1]			[-50  21]

[1, 0]			[-19   8]
[2, 1]			[ 26 -11]

[1, 0]			[ 29 -12]
[2, 1]			[ 46 -19]

[1, 2]			[ 53 -22]
[0, 1]			[-12   5]

[1, 0]			[ 29 -12]
[2, 1]			[-70  29]

[1, 0]			[-39  16]
[2, 1]			[-22   9]

[1, 0]			[ 49 -20]
[2, 1]			[-22   9]

[1, 2]			[ 5 -2]
[0, 1]			[-32  13]

[1, 2]			[-23   6]
[0, 1]			[-4  1]

[1, 0]			[-15   4]
[2, 1]			[-34   9]

[1, 0]			[-15   4]
[2, 1]			[26 -7]

[1, 0]			[-43  12]
[2, 1]			[-18   5]

[1, 2]			[-7  2]
[0, 1]			[-32   9]

[1, 0]			[29 -8]
[2, 1]			[-18   5]

[1, 0]			[13 -4]
[2, 1]			[10 -3]

[1, 0]			[-27   8]
[2, 1]			[10 -3]

[1, 2]			[-7  2]
[0, 1]			[24 -7]

[1, 0]			[37 -8]
[2, 1]			[14 -3]

[1, 2]			[ 9 -2]
[0, 1]			[32 -7]

[1, 0]			[-19   4]
[2, 1]			[14 -3]

[1, 0]			[17 -4]
[2, 1]			[30 -7]

[1, 2]			[25 -6]
[0, 1]			[-4  1]

[1, 0]			[17 -4]
[2, 1]			[-38   9]

[1, 0]			[-35   8]
[2, 1]			[-22   5]

[1, 0]			[ 53 -12]
[2, 1]			[-22   5]

[1, 2]			[ 9 -2]
[0, 1]			[-40   9]

[1, 0]			[-23   4]
[2, 1]			[-6  1]

[1, 2]			[-11   2]
[0, 1]			[-28   5]

[1, 2]			[-11   2]
[0, 1]			[16 -3]

[1, 2]			[13 -2]
[0, 1]			[20 -3]

[1, 0]			[25 -4]
[2, 1]			[-6  1]

[1, 2]			[13 -2]
[0, 1]			[-32   5]

[1, 2]			[-15   2]
[0, 1]			[-8  1]

[1, 2]			[17 -2]
[0, 1]			[-8  1]

[1, 0]			[1 0]
[2, 1]			[-10   1]

[1, 0]			[ 1 12]
[0, 1]			[0 1]

[1, 2]			[ 1 10]
[2, 1]			[ 2 21]

[1, 2]			[ 1 10]
[2, 1]			[ -2 -19]

[1, 2]			[ 5 42]
[2, 1]			[ 2 17]

[1, 0]			[1 8]
[0, 1]			[ 4 33]

[1, 2]			[ -3 -26]
[2, 1]			[ 2 17]

[1, 2]			[ -3 -22]
[2, 1]			[ -2 -15]

[1, 2]			[ 5 38]
[2, 1]			[ -2 -15]

[1, 0]			[1 8]
[0, 1]			[ -4 -31]

[1, 2]			[ 9 58]
[2, 1]			[ 2 13]

[1, 0]			[ 5 32]
[0, 1]			[12 77]

[1, 0]			[ 5 32]
[0, 1]			[ -8 -51]

[1, 0]			[ 9 56]
[0, 1]			[ 4 25]

[1, 2]			[1 6]
[2, 1]			[ 6 37]

[1, 0]			[ -7 -44]
[0, 1]			[ 4 25]

[1, 0]			[ -3 -20]
[0, 1]			[ -4 -27]

[1, 2]			[ -7 -46]
[2, 1]			[ 2 13]

[1, 0]			[ -3 -20]
[0, 1]			[ 8 53]

[1, 2]			[ -7 -38]
[2, 1]			[ -2 -11]

[1, 0]			[ -3 -16]
[0, 1]			[ -8 -43]

[1, 0]			[ -3 -16]
[0, 1]			[ 4 21]

[1, 0]			[ 5 28]
[0, 1]			[ 8 45]

[1, 2]			[ 9 50]
[2, 1]			[ -2 -11]

[1, 0]			[ 5 28]
[0, 1]			[-12 -67]

[1, 0]			[ -7 -40]
[0, 1]			[ -4 -23]

[1, 0]			[ 9 52]
[0, 1]			[ -4 -23]

[1, 2]			[1 6]
[2, 1]			[ -6 -35]

[1, 2]			[13 58]
[2, 1]			[2 9]

[1, 0]			[ 9 40]
[0, 1]			[20 89]

[1, 0]			[ 9 40]
[0, 1]			[-16 -71]

[1, 0]			[ 29 128]
[0, 1]			[12 53]

[1, 2]			[ 5 22]
[2, 1]			[22 97]

[1, 0]			[-19 -84]
[0, 1]			[12 53]

[1, 0]			[-11 -48]
[0, 1]			[ -8 -35]

[1, 0]			[21 92]
[0, 1]			[ -8 -35]

[1, 2]			[ 5 22]
[2, 1]			[-18 -79]

[1, 0]			[17 72]
[0, 1]			[ 4 17]

[1, 2]			[ 9 38]
[2, 1]			[22 93]

[1, 2]			[ 9 38]
[2, 1]			[-14 -59]

[1, 2]			[13 54]
[2, 1]			[ 6 25]

[1, 0]			[1 4]
[0, 1]			[ 8 33]

[1, 2]			[-11 -46]
[2, 1]			[ 6 25]

[1, 2]			[ -7 -30]
[2, 1]			[-10 -43]

[1, 0]			[-15 -64]
[0, 1]			[ 4 17]

[1, 2]			[ -7 -30]
[2, 1]			[18 77]

[1, 0]			[-11 -52]
[0, 1]			[ -4 -19]

[1, 2]			[ -3 -14]
[2, 1]			[-10 -47]

[1, 0]			[ 5 24]
[0, 1]			[ -4 -19]

[1, 0]			[ -7 -32]
[0, 1]			[-12 -55]

[1, 2]			[-11 -50]
[2, 1]			[2 9]

[1, 0]			[ -7 -32]
[0, 1]			[16 73]

[1, 0]			[13 60]
[0, 1]			[ 8 37]

[1, 0]			[-19 -88]
[0, 1]			[ 8 37]

[1, 2]			[ -3 -14]
[2, 1]			[14 65]

[1, 2]			[-11 -38]
[2, 1]			[-2 -7]

[1, 0]			[ -7 -24]
[0, 1]			[-16 -55]

[1, 0]			[ -7 -24]
[0, 1]			[12 41]

[1, 0]			[-19 -64]
[0, 1]			[ -8 -27]

[1, 2]			[ -3 -10]
[2, 1]			[-14 -47]

[1, 0]			[13 44]
[0, 1]			[ -8 -27]

[1, 0]			[ 5 16]
[0, 1]			[ 4 13]

[1, 0]			[-11 -36]
[0, 1]			[ 4 13]

[1, 2]			[ -3 -10]
[2, 1]			[10 33]

[1, 0]			[21 76]
[0, 1]			[ 8 29]

[1, 2]			[ 5 18]
[2, 1]			[18 65]

[1, 0]			[-11 -40]
[0, 1]			[ 8 29]

[1, 0]			[ 9 32]
[0, 1]			[16 57]

[1, 2]			[13 46]
[2, 1]			[-2 -7]

[1, 0]			[ 9 32]
[0, 1]			[-20 -71]

[1, 0]			[-19 -68]
[0, 1]			[-12 -43]

[1, 0]			[ 29 104]
[0, 1]			[-12 -43]

[1, 2]			[ 5 18]
[2, 1]			[-22 -79]

[1, 0]			[-15 -56]
[0, 1]			[ -4 -15]

[1, 2]			[ -7 -26]
[2, 1]			[-18 -67]

[1, 2]			[ -7 -26]
[2, 1]			[10 37]

[1, 2]			[ 9 34]
[2, 1]			[14 53]

[1, 0]			[17 64]
[0, 1]			[ -4 -15]

[1, 2]			[ 9 34]
[2, 1]			[-22 -83]

[1, 2]			[-11 -42]
[2, 1]			[ -6 -23]

[1, 2]			[13 50]
[2, 1]			[ -6 -23]

[1, 0]			[1 4]
[0, 1]			[ -8 -31]

[1, 2]			[17 42]
[2, 1]			[2 5]

[1, 0]			[13 32]
[0, 1]			[28 69]

[1, 0]			[13 32]
[0, 1]			[-24 -59]

[1, 0]			[ 49 120]
[0, 1]			[20 49]

[1, 2]			[ 9 22]
[2, 1]			[38 93]

[1, 0]			[-31 -76]
[0, 1]			[20 49]

[1, 0]			[-23 -56]
[0, 1]			[-16 -39]

[1, 0]			[ 41 100]
[0, 1]			[-16 -39]

[1, 2]			[ 9 22]
[2, 1]			[-34 -83]

[1, 0]			[ 53 128]
[0, 1]			[12 29]

[1, 2]			[29 70]
[2, 1]			[ 70 169]

[1, 2]			[29 70]
[2, 1]			[ -46 -111]

[1, 2]			[ 49 118]
[2, 1]			[22 53]

[1, 0]			[ 5 12]
[0, 1]			[32 77]

[1, 2]			[-39 -94]
[2, 1]			[22 53]

[1, 2]			[-19 -46]
[2, 1]			[-26 -63]

[1, 0]			[ -43 -104]
[0, 1]			[12 29]

[1, 2]			[-19 -46]
[2, 1]			[ 50 121]

[1, 0]			[-27 -64]
[0, 1]			[ -8 -19]

[1, 2]			[-11 -26]
[2, 1]			[-30 -71]

[1, 2]			[-11 -26]
[2, 1]			[14 33]

[1, 2]			[21 50]
[2, 1]			[34 81]

[1, 0]			[37 88]
[0, 1]			[ -8 -19]

[1, 2]			[21 50]
[2, 1]			[ -50 -119]

[1, 2]			[-31 -74]
[2, 1]			[-18 -43]

[1, 2]			[41 98]
[2, 1]			[-18 -43]

[1, 0]			[ 5 12]
[0, 1]			[-28 -67]

[1, 0]			[25 56]
[0, 1]			[4 9]

[1, 2]			[17 38]
[2, 1]			[38 85]

[1, 2]			[17 38]
[2, 1]			[-30 -67]

[1, 2]			[ 53 118]
[2, 1]			[22 49]

[1, 0]			[ 9 20]
[0, 1]			[40 89]

[1, 2]			[-35 -78]
[2, 1]			[22 49]

[1, 2]			[-19 -42]
[2, 1]			[-14 -31]

[1, 2]			[37 82]
[2, 1]			[-14 -31]

[1, 0]			[ 9 20]
[0, 1]			[-32 -71]

[1, 2]			[25 54]
[2, 1]			[ 6 13]

[1, 0]			[13 28]
[0, 1]			[32 69]

[1, 0]			[13 28]
[0, 1]			[-20 -43]

[1, 0]			[17 36]
[0, 1]			[ 8 17]

[1, 2]			[1 2]
[2, 1]			[10 21]

[1, 0]			[-15 -32]
[0, 1]			[ 8 17]

[1, 0]			[-11 -24]
[0, 1]			[-16 -35]

[1, 2]			[-23 -50]
[2, 1]			[ 6 13]

[1, 0]			[-11 -24]
[0, 1]			[28 61]

[1, 2]			[-27 -62]
[2, 1]			[-10 -23]

[1, 0]			[ -7 -16]
[0, 1]			[-24 -55]

[1, 2]			[13 30]
[2, 1]			[-10 -23]

[1, 2]			[-15 -34]
[2, 1]			[-26 -59]

[1, 0]			[-23 -52]
[0, 1]			[4 9]

[1, 2]			[-15 -34]
[2, 1]			[34 77]

[1, 2]			[29 66]
[2, 1]			[18 41]

[1, 2]			[-43 -98]
[2, 1]			[18 41]

[1, 0]			[ -7 -16]
[0, 1]			[32 73]

[1, 0]			[-19 -52]
[0, 1]			[ -4 -11]

[1, 2]			[-11 -30]
[2, 1]			[-26 -71]

[1, 2]			[-11 -30]
[2, 1]			[18 49]

[1, 2]			[-23 -62]
[2, 1]			[-10 -27]

[1, 0]			[-3 -8]
[0, 1]			[-16 -43]

[1, 2]			[17 46]
[2, 1]			[-10 -27]

[1, 2]			[ 5 14]
[2, 1]			[ 6 17]

[1, 0]			[13 36]
[0, 1]			[ -4 -11]

[1, 2]			[ 5 14]
[2, 1]			[-14 -39]

[1, 0]			[-31 -80]
[0, 1]			[-12 -31]

[1, 2]			[ -7 -18]
[2, 1]			[-26 -67]

[1, 0]			[17 44]
[0, 1]			[-12 -31]

[1, 0]			[-11 -28]
[0, 1]			[-20 -51]

[1, 2]			[-15 -38]
[2, 1]			[2 5]

[1, 0]			[-11 -28]
[0, 1]			[24 61]

[1, 0]			[25 64]
[0, 1]			[16 41]

[1, 0]			[ -39 -100]
[0, 1]			[16 41]

[1, 2]			[ -7 -18]
[2, 1]			[30 77]

[1, 0]			[29 76]
[0, 1]			[ 8 21]

[1, 2]			[13 34]
[2, 1]			[34 89]

[1, 2]			[13 34]
[2, 1]			[-18 -47]

[1, 2]			[-19 -50]
[2, 1]			[-30 -79]

[1, 0]			[-35 -92]
[0, 1]			[ 8 21]

[1, 2]			[-19 -50]
[2, 1]			[ 46 121]

[1, 2]			[25 66]
[2, 1]			[14 37]

[1, 2]			[-31 -82]
[2, 1]			[14 37]

[1, 0]			[-3 -8]
[0, 1]			[20 53]

[1, 2]			[-15 -22]
[2, 1]			[-2 -3]

[1, 0]			[-11 -16]
[0, 1]			[-24 -35]

[1, 0]			[-11 -16]
[0, 1]			[20 29]

[1, 0]			[-39 -56]
[0, 1]			[-16 -23]

[1, 2]			[ -7 -10]
[2, 1]			[-30 -43]

[1, 0]			[25 36]
[0, 1]			[-16 -23]

[1, 0]			[17 24]
[0, 1]			[12 17]

[1, 0]			[-31 -44]
[0, 1]			[12 17]

[1, 2]			[ -7 -10]
[2, 1]			[26 37]

[1, 0]			[-35 -48]
[0, 1]			[ -8 -11]

[1, 2]			[-19 -26]
[2, 1]			[-46 -63]

[1, 2]			[-19 -26]
[2, 1]			[30 41]

[1, 2]			[-31 -42]
[2, 1]			[-14 -19]

[1, 0]			[-3 -4]
[0, 1]			[-20 -27]

[1, 2]			[25 34]
[2, 1]			[-14 -19]

[1, 2]			[13 18]
[2, 1]			[18 25]

[1, 0]			[29 40]
[0, 1]			[ -8 -11]

[1, 2]			[13 18]
[2, 1]			[-34 -47]

[1, 0]			[13 16]
[0, 1]			[4 5]

[1, 2]			[5 6]
[2, 1]			[14 17]

[1, 2]			[5 6]
[2, 1]			[-6 -7]

[1, 2]			[-11 -14]
[2, 1]			[-18 -23]

[1, 0]			[-19 -24]
[0, 1]			[4 5]

[1, 2]			[-11 -14]
[2, 1]			[26 33]

[1, 2]			[17 22]
[2, 1]			[10 13]

[1, 2]			[-23 -30]
[2, 1]			[10 13]

[1, 0]			[-3 -4]
[0, 1]			[16 21]

[1, 0]			[37 60]
[0, 1]			[ 8 13]

[1, 2]			[21 34]
[2, 1]			[50 81]

[1, 2]			[21 34]
[2, 1]			[-34 -55]

[1, 2]			[41 66]
[2, 1]			[18 29]

[1, 0]			[5 8]
[0, 1]			[28 45]

[1, 2]			[-31 -50]
[2, 1]			[18 29]

[1, 2]			[-11 -18]
[2, 1]			[-14 -23]

[1, 0]			[-27 -44]
[0, 1]			[ 8 13]

[1, 2]			[-11 -18]
[2, 1]			[30 49]

[1, 0]			[41 64]
[0, 1]			[16 25]

[1, 2]			[ 9 14]
[2, 1]			[34 53]

[1, 0]			[-23 -36]
[0, 1]			[16 25]

[1, 0]			[13 20]
[0, 1]			[24 37]

[1, 2]			[17 26]
[2, 1]			[-2 -3]

[1, 0]			[13 20]
[0, 1]			[-28 -43]

[1, 0]			[-31 -48]
[0, 1]			[-20 -31]

[1, 0]			[49 76]
[0, 1]			[-20 -31]

[1, 2]			[ 9 14]
[2, 1]			[-38 -59]

[1, 0]			[-43 -68]
[0, 1]			[-12 -19]

[1, 2]			[-19 -30]
[2, 1]			[-50 -79]

[1, 2]			[-19 -30]
[2, 1]			[26 41]

[1, 2]			[29 46]
[2, 1]			[46 73]

[1, 0]			[53 84]
[0, 1]			[-12 -19]

[1, 2]			[29 46]
[2, 1]			[ -70 -111]

[1, 2]			[-39 -62]
[2, 1]			[-22 -35]

[1, 2]			[49 78]
[2, 1]			[-22 -35]

[1, 0]			[5 8]
[0, 1]			[-32 -51]

[1, 0]			[-23 -40]
[0, 1]			[-4 -7]

[1, 2]			[-15 -26]
[2, 1]			[-34 -59]

[1, 2]			[-15 -26]
[2, 1]			[26 45]

[1, 2]			[-43 -74]
[2, 1]			[-18 -31]

[1, 0]			[ -7 -12]
[0, 1]			[-32 -55]

[1, 2]			[29 50]
[2, 1]			[-18 -31]

[1, 2]			[13 22]
[2, 1]			[10 17]

[1, 2]			[-27 -46]
[2, 1]			[10 17]

[1, 0]			[ -7 -12]
[0, 1]			[24 41]

[1, 2]			[37 66]
[2, 1]			[14 25]

[1, 0]			[ 9 16]
[0, 1]			[32 57]

[1, 2]			[-19 -34]
[2, 1]			[14 25]

[1, 2]			[17 30]
[2, 1]			[30 53]

[1, 0]			[25 44]
[0, 1]			[-4 -7]

[1, 2]			[17 30]
[2, 1]			[-38 -67]

[1, 2]			[-35 -62]
[2, 1]			[-22 -39]

[1, 2]			[53 94]
[2, 1]			[-22 -39]

[1, 0]			[ 9 16]
[0, 1]			[-40 -71]

[1, 2]			[-23 -42]
[2, 1]			[ -6 -11]

[1, 0]			[-11 -20]
[0, 1]			[-28 -51]

[1, 0]			[-11 -20]
[0, 1]			[16 29]

[1, 0]			[13 24]
[0, 1]			[20 37]

[1, 2]			[25 46]
[2, 1]			[ -6 -11]

[1, 0]			[13 24]
[0, 1]			[-32 -59]

[1, 0]			[-15 -28]
[0, 1]			[ -8 -15]

[1, 0]			[17 32]
[0, 1]			[ -8 -15]

[1, 2]			[1 2]
[2, 1]			[-10 -19]

[1, 2]			[21 10]
[2, 1]			[2 1]

[1, 0]			[17  8]
[0, 1]			[36 17]

[1, 0]			[17  8]
[0, 1]			[-32 -15]

[1, 0]			[69 32]
[0, 1]			[28 13]

[1, 2]			[13  6]
[2, 1]			[54 25]

[1, 0]			[-43 -20]
[0, 1]			[28 13]

[1, 0]			[-35 -16]
[0, 1]			[-24 -11]

[1, 0]			[61 28]
[0, 1]			[-24 -11]

[1, 2]			[13  6]
[2, 1]			[-50 -23]

[1, 0]			[89 40]
[0, 1]			[20  9]

[1, 2]			[49 22]
[2, 1]			[118  53]

[1, 2]			[49 22]
[2, 1]			[-78 -35]

[1, 2]			[85 38]
[2, 1]			[38 17]

[1, 0]			[9 4]
[0, 1]			[56 25]

[1, 2]			[-67 -30]
[2, 1]			[38 17]

[1, 2]			[-31 -14]
[2, 1]			[-42 -19]

[1, 0]			[-71 -32]
[0, 1]			[20  9]

[1, 2]			[-31 -14]
[2, 1]			[82 37]

[1, 0]			[-55 -24]
[0, 1]			[-16  -7]

[1, 2]			[-23 -10]
[2, 1]			[-62 -27]

[1, 2]			[-23 -10]
[2, 1]			[30 13]

[1, 2]			[41 18]
[2, 1]			[66 29]

[1, 0]			[73 32]
[0, 1]			[-16  -7]

[1, 2]			[41 18]
[2, 1]			[-98 -43]

[1, 2]			[-59 -26]
[2, 1]			[-34 -15]

[1, 2]			[77 34]
[2, 1]			[-34 -15]

[1, 0]			[9 4]
[0, 1]			[-52 -23]

[1, 0]			[77 32]
[0, 1]			[12  5]

[1, 2]			[53 22]
[2, 1]			[118  49]

[1, 2]			[53 22]
[2, 1]			[-94 -39]

[1, 2]			[169  70]
[2, 1]			[70 29]

[1, 0]			[29 12]
[0, 1]			[128  53]

[1, 2]			[-111  -46]
[2, 1]			[70 29]

[1, 2]			[-63 -26]
[2, 1]			[-46 -19]

[1, 2]			[121  50]
[2, 1]			[-46 -19]

[1, 0]			[29 12]
[0, 1]			[-104  -43]

[1, 2]			[93 38]
[2, 1]			[22  9]

[1, 0]			[49 20]
[0, 1]			[120  49]

[1, 0]			[49 20]
[0, 1]			[-76 -31]

[1, 0]			[69 28]
[0, 1]			[32 13]

[1, 2]			[5 2]
[2, 1]			[42 17]

[1, 0]			[-59 -24]
[0, 1]			[32 13]

[1, 0]			[-39 -16]
[0, 1]			[-56 -23]

[1, 2]			[-83 -34]
[2, 1]			[22  9]

[1, 0]			[-39 -16]
[0, 1]			[100  41]

[1, 2]			[-71 -30]
[2, 1]			[-26 -11]

[1, 0]			[-19  -8]
[0, 1]			[-64 -27]

[1, 2]			[33 14]
[2, 1]			[-26 -11]

[1, 2]			[-43 -18]
[2, 1]			[-74 -31]

[1, 0]			[-67 -28]
[0, 1]			[12  5]

[1, 2]			[-43 -18]
[2, 1]			[98 41]

[1, 2]			[81 34]
[2, 1]			[50 21]

[1, 2]			[-119  -50]
[2, 1]			[50 21]

[1, 0]			[-19  -8]
[0, 1]			[88 37]

[1, 0]			[-43 -16]
[0, 1]			[-8 -3]

[1, 2]			[-27 -10]
[2, 1]			[-62 -23]

[1, 2]			[-27 -10]
[2, 1]			[46 17]

[1, 2]			[-71 -26]
[2, 1]			[-30 -11]

[1, 0]			[-11  -4]
[0, 1]			[-52 -19]

[1, 2]			[49 18]
[2, 1]			[-30 -11]

[1, 2]			[17  6]
[2, 1]			[14  5]

[1, 2]			[-39 -14]
[2, 1]			[14  5]

[1, 0]			[-11  -4]
[0, 1]			[36 13]

[1, 2]			[89 34]
[2, 1]			[34 13]

[1, 0]			[21  8]
[0, 1]			[76 29]

[1, 2]			[-47 -18]
[2, 1]			[34 13]

[1, 2]			[37 14]
[2, 1]			[66 25]

[1, 0]			[53 20]
[0, 1]			[-8 -3]

[1, 2]			[37 14]
[2, 1]			[-82 -31]

[1, 2]			[-79 -30]
[2, 1]			[-50 -19]

[1, 2]			[121  46]
[2, 1]			[-50 -19]

[1, 0]			[21  8]
[0, 1]			[-92 -35]

[1, 2]			[-67 -26]
[2, 1]			[-18  -7]

[1, 0]			[-31 -12]
[0, 1]			[-80 -31]

[1, 0]			[-31 -12]
[0, 1]			[44 17]

[1, 0]			[41 16]
[0, 1]			[64 25]

[1, 2]			[77 30]
[2, 1]			[-18  -7]

[1, 0]			[41 16]
[0, 1]			[-100  -39]

[1, 0]			[-51 -20]
[0, 1]			[-28 -11]

[1, 0]			[61 24]
[0, 1]			[-28 -11]

[1, 2]			[5 2]
[2, 1]			[-38 -15]

[1, 0]			[33  8]
[0, 1]			[4 1]

[1, 2]			[25  6]
[2, 1]			[54 13]

[1, 2]			[25  6]
[2, 1]			[-46 -11]

[1, 2]			[93 22]
[2, 1]			[38  9]

[1, 0]			[17  4]
[0, 1]			[72 17]

[1, 2]			[-59 -14]
[2, 1]			[38  9]

[1, 2]			[-43 -10]
[2, 1]			[-30  -7]

[1, 2]			[77 18]
[2, 1]			[-30  -7]

[1, 0]			[17  4]
[0, 1]			[-64 -15]

[1, 2]			[97 22]
[2, 1]			[22  5]

[1, 0]			[53 12]
[0, 1]			[128  29]

[1, 0]			[53 12]
[0, 1]			[-84 -19]

[1, 0]			[89 20]
[0, 1]			[40  9]

[1, 2]			[9 2]
[2, 1]			[58 13]

[1, 0]			[-71 -16]
[0, 1]			[40  9]

[1, 0]			[-35  -8]
[0, 1]			[-48 -11]

[1, 2]			[-79 -18]
[2, 1]			[22  5]

[1, 0]			[-35  -8]
[0, 1]			[92 21]

[1, 2]			[-47 -10]
[2, 1]			[-14  -3]

[1, 0]			[-19  -4]
[0, 1]			[-52 -11]

[1, 0]			[-19  -4]
[0, 1]			[24  5]

[1, 0]			[37  8]
[0, 1]			[60 13]

[1, 2]			[65 14]
[2, 1]			[-14  -3]

[1, 0]			[37  8]
[0, 1]			[-88 -19]

[1, 0]			[-55 -12]
[0, 1]			[-32  -7]

[1, 0]			[73 16]
[0, 1]			[-32  -7]

[1, 2]			[9 2]
[2, 1]			[-50 -11]

[1, 2]			[37  6]
[2, 1]			[6 1]

[1, 0]			[25  4]
[0, 1]			[56  9]

[1, 0]			[25  4]
[0, 1]			[-44  -7]

[1, 0]			[77 12]
[0, 1]			[32  5]

[1, 2]			[13  2]
[2, 1]			[58  9]

[1, 0]			[-51  -8]
[0, 1]			[32  5]

[1, 0]			[-27  -4]
[0, 1]			[-20  -3]

[1, 0]			[53  8]
[0, 1]			[-20  -3]

[1, 2]			[13  2]
[2, 1]			[-46  -7]

[1, 0]			[33  4]
[0, 1]			[8 1]

[1, 2]			[17  2]
[2, 1]			[42  5]

[1, 2]			[17  2]
[2, 1]			[-26  -3]

[1, 2]			[21  2]
[2, 1]			[10  1]

[1, 0]			[1 0]
[0, 1]			[12  1]

[1, 2]			[-19  -2]
[2, 1]			[10  1]

[1, 2]			[-15  -2]
[2, 1]			[-22  -3]

[1, 0]			[-31  -4]
[0, 1]			[8 1]

[1, 2]			[-15  -2]
[2, 1]			[38  5]

[1, 0]			[-43  -8]
[0, 1]			[-16  -3]

[1, 2]			[-11  -2]
[2, 1]			[-38  -7]

[1, 0]			[21  4]
[0, 1]			[-16  -3]

[1, 0]			[-23  -4]
[0, 1]			[-40  -7]

[1, 2]			[-35  -6]
[2, 1]			[6 1]

[1, 0]			[-23  -4]
[0, 1]			[52  9]

[1, 0]			[45  8]
[0, 1]			[28  5]

[1, 0]			[-67 -12]
[0, 1]			[28  5]

[1, 2]			[-11  -2]
[2, 1]			[50  9]

[1, 2]			[-47 -14]
[2, 1]			[-10  -3]

[1, 0]			[-27  -8]
[0, 1]			[-64 -19]

[1, 0]			[-27  -8]
[0, 1]			[44 13]

[1, 0]			[-55 -16]
[0, 1]			[-24  -7]

[1, 2]			[-7 -2]
[2, 1]			[-38 -11]

[1, 0]			[41 12]
[0, 1]			[-24  -7]

[1, 0]			[13  4]
[0, 1]			[16  5]

[1, 2]			[33 10]
[2, 1]			[-10  -3]

[1, 0]			[13  4]
[0, 1]			[-36 -11]

[1, 2]			[-67 -18]
[2, 1]			[-26  -7]

[1, 0]			[-15  -4]
[0, 1]			[-56 -15]

[1, 2]			[37 10]
[2, 1]			[-26  -7]

[1, 2]			[-23  -6]
[2, 1]			[-42 -11]

[1, 0]			[-31  -8]
[0, 1]			[4 1]

[1, 2]			[-23  -6]
[2, 1]			[50 13]

[1, 2]			[53 14]
[2, 1]			[34  9]

[1, 2]			[-83 -22]
[2, 1]			[34  9]

[1, 0]			[-15  -4]
[0, 1]			[64 17]

[1, 2]			[65 18]
[2, 1]			[18  5]

[1, 0]			[29  8]
[0, 1]			[76 21]

[1, 0]			[29  8]
[0, 1]			[-40 -11]

[1, 0]			[-43 -12]
[0, 1]			[-68 -19]

[1, 2]			[-79 -22]
[2, 1]			[18  5]

[1, 0]			[-43 -12]
[0, 1]			[104  29]

[1, 0]			[57 16]
[0, 1]			[32  9]

[1, 0]			[-71 -20]
[0, 1]			[32  9]

[1, 2]			[-7 -2]
[2, 1]			[46 13]

[1, 0]			[-27 -20]
[0, 1]			[-4 -3]

[1, 2]			[-19 -14]
[2, 1]			[-42 -31]

[1, 2]			[-19 -14]
[2, 1]			[34 25]

[1, 2]			[-63 -46]
[2, 1]			[-26 -19]

[1, 0]			[-11  -8]
[0, 1]			[-48 -35]

[1, 2]			[41 30]
[2, 1]			[-26 -19]

[1, 2]			[25 18]
[2, 1]			[18 13]

[1, 2]			[-47 -34]
[2, 1]			[18 13]

[1, 0]			[-11  -8]
[0, 1]			[40 29]

[1, 2]			[-43 -30]
[2, 1]			[-10  -7]

[1, 0]			[-23 -16]
[0, 1]			[-56 -39]

[1, 0]			[-23 -16]
[0, 1]			[36 25]

[1, 0]			[-35 -24]
[0, 1]			[-16 -11]

[1, 2]			[-3 -2]
[2, 1]			[-22 -15]

[1, 0]			[29 20]
[0, 1]			[-16 -11]

[1, 0]			[17 12]
[0, 1]			[24 17]

[1, 2]			[37 26]
[2, 1]			[-10  -7]

[1, 0]			[17 12]
[0, 1]			[-44 -31]

[1, 2]			[17 14]
[2, 1]			[6 5]

[1, 0]			[5 4]
[0, 1]			[16 13]

[1, 2]			[-7 -6]
[2, 1]			[6 5]

[1, 2]			[13 10]
[2, 1]			[22 17]

[1, 0]			[21 16]
[0, 1]			[-4 -3]

[1, 2]			[13 10]
[2, 1]			[-30 -23]

[1, 2]			[-23 -18]
[2, 1]			[-14 -11]

[1, 2]			[33 26]
[2, 1]			[-14 -11]

[1, 0]			[5 4]
[0, 1]			[-24 -19]

[1, 0]			[-55 -32]
[0, 1]			[-12  -7]

[1, 2]			[-31 -18]
[2, 1]			[-74 -43]

[1, 2]			[-31 -18]
[2, 1]			[50 29]

[1, 2]			[-59 -34]
[2, 1]			[-26 -15]

[1, 0]			[-7 -4]
[0, 1]			[-40 -23]

[1, 2]			[45 26]
[2, 1]			[-26 -15]

[1, 2]			[17 10]
[2, 1]			[22 13]

[1, 0]			[41 24]
[0, 1]			[-12  -7]

[1, 2]			[17 10]
[2, 1]			[-46 -27]

[1, 0]			[-51 -28]
[0, 1]			[-20 -11]

[1, 2]			[-11  -6]
[2, 1]			[-42 -23]

[1, 0]			[29 16]
[0, 1]			[-20 -11]

[1, 0]			[-15  -8]
[0, 1]			[-28 -15]

[1, 2]			[-19 -10]
[2, 1]			[2 1]

[1, 0]			[-15  -8]
[0, 1]			[32 17]

[1, 0]			[37 20]
[0, 1]			[24 13]

[1, 0]			[-59 -32]
[0, 1]			[24 13]

[1, 2]			[-11  -6]
[2, 1]			[46 25]

[1, 0]			[57 32]
[0, 1]			[16  9]

[1, 2]			[25 14]
[2, 1]			[66 37]

[1, 2]			[25 14]
[2, 1]			[-34 -19]

[1, 2]			[-39 -22]
[2, 1]			[-62 -35]

[1, 0]			[-71 -40]
[0, 1]			[16  9]

[1, 2]			[-39 -22]
[2, 1]			[94 53]

[1, 2]			[53 30]
[2, 1]			[30 17]

[1, 2]			[-67 -38]
[2, 1]			[30 17]

[1, 0]			[-7 -4]
[0, 1]			[44 25]

[1, 0]			[45 28]
[0, 1]			[8 5]

[1, 2]			[29 18]
[2, 1]			[66 41]

[1, 2]			[29 18]
[2, 1]			[-50 -31]

[1, 2]			[81 50]
[2, 1]			[34 21]

[1, 0]			[13  8]
[0, 1]			[60 37]

[1, 2]			[-55 -34]
[2, 1]			[34 21]

[1, 2]			[-23 -14]
[2, 1]			[-18 -11]

[1, 2]			[49 30]
[2, 1]			[-18 -11]

[1, 0]			[13  8]
[0, 1]			[-44 -27]

[1, 2]			[-79 -50]
[2, 1]			[-30 -19]

[1, 0]			[-19 -12]
[0, 1]			[-68 -43]

[1, 2]			[41 26]
[2, 1]			[-30 -19]

[1, 2]			[-35 -22]
[2, 1]			[-62 -39]

[1, 0]			[-51 -32]
[0, 1]			[8 5]

[1, 2]			[-35 -22]
[2, 1]			[78 49]

[1, 2]			[73 46]
[2, 1]			[46 29]

[1, 2]			[-111  -70]
[2, 1]			[46 29]

[1, 0]			[-19 -12]
[0, 1]			[84 53]

[1, 2]			[53 34]
[2, 1]			[14  9]

[1, 0]			[25 16]
[0, 1]			[64 41]

[1, 0]			[25 16]
[0, 1]			[-36 -23]

[1, 0]			[-31 -20]
[0, 1]			[-48 -31]

[1, 2]			[-59 -38]
[2, 1]			[14  9]

[1, 0]			[-31 -20]
[0, 1]			[76 49]

[1, 0]			[37 24]
[0, 1]			[20 13]

[1, 0]			[-43 -28]
[0, 1]			[20 13]

[1, 2]			[-3 -2]
[2, 1]			[26 17]

[1, 2]			[ 17 -26]
[2, 1]			[ 2 -3]

[1, 0]			[ 13 -20]
[0, 1]			[ 28 -43]

[1, 0]			[ 13 -20]
[0, 1]			[-24  37]

[1, 0]			[ 49 -76]
[0, 1]			[ 20 -31]

[1, 2]			[  9 -14]
[2, 1]			[ 38 -59]

[1, 0]			[-31  48]
[0, 1]			[ 20 -31]

[1, 0]			[-23  36]
[0, 1]			[-16  25]

[1, 0]			[ 41 -64]
[0, 1]			[-16  25]

[1, 2]			[  9 -14]
[2, 1]			[-34  53]

[1, 0]			[ 53 -84]
[0, 1]			[ 12 -19]

[1, 2]			[ 29 -46]
[2, 1]			[  70 -111]

[1, 2]			[ 29 -46]
[2, 1]			[-46  73]

[1, 2]			[ 49 -78]
[2, 1]			[ 22 -35]

[1, 0]			[ 5 -8]
[0, 1]			[ 32 -51]

[1, 2]			[-39  62]
[2, 1]			[ 22 -35]

[1, 2]			[-19  30]
[2, 1]			[-26  41]

[1, 0]			[-43  68]
[0, 1]			[ 12 -19]

[1, 2]			[-19  30]
[2, 1]			[ 50 -79]

[1, 0]			[-27  44]
[0, 1]			[-8 13]

[1, 2]			[-11  18]
[2, 1]			[-30  49]

[1, 2]			[-11  18]
[2, 1]			[ 14 -23]

[1, 2]			[ 21 -34]
[2, 1]			[ 34 -55]

[1, 0]			[ 37 -60]
[0, 1]			[-8 13]

[1, 2]			[ 21 -34]
[2, 1]			[-50  81]

[1, 2]			[-31  50]
[2, 1]			[-18  29]

[1, 2]			[ 41 -66]
[2, 1]			[-18  29]

[1, 0]			[ 5 -8]
[0, 1]			[-28  45]

[1, 0]			[ 25 -44]
[0, 1]			[ 4 -7]

[1, 2]			[ 17 -30]
[2, 1]			[ 38 -67]

[1, 2]			[ 17 -30]
[2, 1]			[-30  53]

[1, 2]			[ 53 -94]
[2, 1]			[ 22 -39]

[1, 0]			[  9 -16]
[0, 1]			[ 40 -71]

[1, 2]			[-35  62]
[2, 1]			[ 22 -39]

[1, 2]			[-19  34]
[2, 1]			[-14  25]

[1, 2]			[ 37 -66]
[2, 1]			[-14  25]

[1, 0]			[  9 -16]
[0, 1]			[-32  57]

[1, 2]			[ 25 -46]
[2, 1]			[  6 -11]

[1, 0]			[ 13 -24]
[0, 1]			[ 32 -59]

[1, 0]			[ 13 -24]
[0, 1]			[-20  37]

[1, 0]			[ 17 -32]
[0, 1]			[  8 -15]

[1, 2]			[ 1 -2]
[2, 1]			[ 10 -19]

[1, 0]			[-15  28]
[0, 1]			[  8 -15]

[1, 0]			[-11  20]
[0, 1]			[-16  29]

[1, 2]			[-23  42]
[2, 1]			[  6 -11]

[1, 0]			[-11  20]
[0, 1]			[ 28 -51]

[1, 2]			[-27  46]
[2, 1]			[-10  17]

[1, 0]			[-7 12]
[0, 1]			[-24  41]

[1, 2]			[ 13 -22]
[2, 1]			[-10  17]

[1, 2]			[-15  26]
[2, 1]			[-26  45]

[1, 0]			[-23  40]
[0, 1]			[ 4 -7]

[1, 2]			[-15  26]
[2, 1]			[ 34 -59]

[1, 2]			[ 29 -50]
[2, 1]			[ 18 -31]

[1, 2]			[-43  74]
[2, 1]			[ 18 -31]

[1, 0]			[-7 12]
[0, 1]			[ 32 -55]

[1, 0]			[-19  24]
[0, 1]			[-4  5]

[1, 2]			[-11  14]
[2, 1]			[-26  33]

[1, 2]			[-11  14]
[2, 1]			[ 18 -23]

[1, 2]			[-23  30]
[2, 1]			[-10  13]

[1, 0]			[-3  4]
[0, 1]			[-16  21]

[1, 2]			[ 17 -22]
[2, 1]			[-10  13]

[1, 2]			[ 5 -6]
[2, 1]			[ 6 -7]

[1, 0]			[ 13 -16]
[0, 1]			[-4  5]

[1, 2]			[ 5 -6]
[2, 1]			[-14  17]

[1, 0]			[-31  44]
[0, 1]			[-12  17]

[1, 2]			[-7 10]
[2, 1]			[-26  37]

[1, 0]			[ 17 -24]
[0, 1]			[-12  17]

[1, 0]			[-11  16]
[0, 1]			[-20  29]

[1, 2]			[-15  22]
[2, 1]			[ 2 -3]

[1, 0]			[-11  16]
[0, 1]			[ 24 -35]

[1, 0]			[ 25 -36]
[0, 1]			[ 16 -23]

[1, 0]			[-39  56]
[0, 1]			[ 16 -23]

[1, 2]			[-7 10]
[2, 1]			[ 30 -43]

[1, 0]			[ 29 -40]
[0, 1]			[  8 -11]

[1, 2]			[ 13 -18]
[2, 1]			[ 34 -47]

[1, 2]			[ 13 -18]
[2, 1]			[-18  25]

[1, 2]			[-19  26]
[2, 1]			[-30  41]

[1, 0]			[-35  48]
[0, 1]			[  8 -11]

[1, 2]			[-19  26]
[2, 1]			[ 46 -63]

[1, 2]			[ 25 -34]
[2, 1]			[ 14 -19]

[1, 2]			[-31  42]
[2, 1]			[ 14 -19]

[1, 0]			[-3  4]
[0, 1]			[ 20 -27]

[1, 2]			[ 13 -46]
[2, 1]			[ 2 -7]

[1, 0]			[  9 -32]
[0, 1]			[ 20 -71]

[1, 0]			[  9 -32]
[0, 1]			[-16  57]

[1, 0]			[  29 -104]
[0, 1]			[ 12 -43]

[1, 2]			[  5 -18]
[2, 1]			[ 22 -79]

[1, 0]			[-19  68]
[0, 1]			[ 12 -43]

[1, 0]			[-11  40]
[0, 1]			[-8 29]

[1, 0]			[ 21 -76]
[0, 1]			[-8 29]

[1, 2]			[  5 -18]
[2, 1]			[-18  65]

[1, 0]			[ 17 -64]
[0, 1]			[  4 -15]

[1, 2]			[  9 -34]
[2, 1]			[ 22 -83]

[1, 2]			[  9 -34]
[2, 1]			[-14  53]

[1, 2]			[ 13 -50]
[2, 1]			[  6 -23]

[1, 0]			[ 1 -4]
[0, 1]			[  8 -31]

[1, 2]			[-11  42]
[2, 1]			[  6 -23]

[1, 2]			[-7 26]
[2, 1]			[-10  37]

[1, 0]			[-15  56]
[0, 1]			[  4 -15]

[1, 2]			[-7 26]
[2, 1]			[ 18 -67]

[1, 0]			[-11  36]
[0, 1]			[-4 13]

[1, 2]			[-3 10]
[2, 1]			[-10  33]

[1, 0]			[  5 -16]
[0, 1]			[-4 13]

[1, 0]			[-7 24]
[0, 1]			[-12  41]

[1, 2]			[-11  38]
[2, 1]			[ 2 -7]

[1, 0]			[-7 24]
[0, 1]			[ 16 -55]

[1, 0]			[ 13 -44]
[0, 1]			[  8 -27]

[1, 0]			[-19  64]
[0, 1]			[  8 -27]

[1, 2]			[-3 10]
[2, 1]			[ 14 -47]

[1, 2]			[  9 -50]
[2, 1]			[  2 -11]

[1, 0]			[  5 -28]
[0, 1]			[ 12 -67]

[1, 0]			[  5 -28]
[0, 1]			[-8 45]

[1, 0]			[  9 -52]
[0, 1]			[  4 -23]

[1, 2]			[ 1 -6]
[2, 1]			[  6 -35]

[1, 0]			[-7 40]
[0, 1]			[  4 -23]

[1, 0]			[-3 16]
[0, 1]			[-4 21]

[1, 2]			[-7 38]
[2, 1]			[  2 -11]

[1, 0]			[-3 16]
[0, 1]			[  8 -43]

[1, 2]			[  5 -38]
[2, 1]			[  2 -15]

[1, 0]			[ 1 -8]
[0, 1]			[  4 -31]

[1, 2]			[-3 22]
[2, 1]			[  2 -15]

[1, 2]			[  1 -10]
[2, 1]			[  2 -19]

[1, 0]			[  1 -12]
[0, 1]			[0 1]

[1, 2]			[  1 -10]
[2, 1]			[-2 21]

[1, 2]			[-3 26]
[2, 1]			[-2 17]

[1, 2]			[  5 -42]
[2, 1]			[-2 17]

[1, 0]			[ 1 -8]
[0, 1]			[-4 33]

[1, 2]			[-7 46]
[2, 1]			[-2 13]

[1, 0]			[-3 20]
[0, 1]			[-8 53]

[1, 0]			[-3 20]
[0, 1]			[  4 -27]

[1, 0]			[  5 -32]
[0, 1]			[  8 -51]

[1, 2]			[  9 -58]
[2, 1]			[-2 13]

[1, 0]			[  5 -32]
[0, 1]			[-12  77]

[1, 0]			[-7 44]
[0, 1]			[-4 25]

[1, 0]			[  9 -56]
[0, 1]			[-4 25]

[1, 2]			[ 1 -6]
[2, 1]			[-6 37]

[1, 2]			[-11  50]
[2, 1]			[-2  9]

[1, 0]			[-7 32]
[0, 1]			[-16  73]

[1, 0]			[-7 32]
[0, 1]			[ 12 -55]

[1, 0]			[-19  88]
[0, 1]			[-8 37]

[1, 2]			[-3 14]
[2, 1]			[-14  65]

[1, 0]			[ 13 -60]
[0, 1]			[-8 37]

[1, 0]			[  5 -24]
[0, 1]			[  4 -19]

[1, 0]			[-11  52]
[0, 1]			[  4 -19]

[1, 2]			[-3 14]
[2, 1]			[ 10 -47]

[1, 0]			[ 21 -92]
[0, 1]			[  8 -35]

[1, 2]			[  5 -22]
[2, 1]			[ 18 -79]

[1, 0]			[-11  48]
[0, 1]			[  8 -35]

[1, 0]			[  9 -40]
[0, 1]			[ 16 -71]

[1, 2]			[ 13 -58]
[2, 1]			[-2  9]

[1, 0]			[  9 -40]
[0, 1]			[-20  89]

[1, 0]			[-19  84]
[0, 1]			[-12  53]

[1, 0]			[  29 -128]
[0, 1]			[-12  53]

[1, 2]			[  5 -22]
[2, 1]			[-22  97]

[1, 0]			[-15  64]
[0, 1]			[-4 17]

[1, 2]			[-7 30]
[2, 1]			[-18  77]

[1, 2]			[-7 30]
[2, 1]			[ 10 -43]

[1, 2]			[  9 -38]
[2, 1]			[ 14 -59]

[1, 0]			[ 17 -72]
[0, 1]			[-4 17]

[1, 2]			[  9 -38]
[2, 1]			[-22  93]

[1, 2]			[-11  46]
[2, 1]			[-6 25]

[1, 2]			[ 13 -54]
[2, 1]			[-6 25]

[1, 0]			[ 1 -4]
[0, 1]			[-8 33]

[1, 2]			[-15  38]
[2, 1]			[-2  5]

[1, 0]			[-11  28]
[0, 1]			[-24  61]

[1, 0]			[-11  28]
[0, 1]			[ 20 -51]

[1, 0]			[-39 100]
[0, 1]			[-16  41]

[1, 2]			[-7 18]
[2, 1]			[-30  77]

[1, 0]			[ 25 -64]
[0, 1]			[-16  41]

[1, 0]			[ 17 -44]
[0, 1]			[ 12 -31]

[1, 0]			[-31  80]
[0, 1]			[ 12 -31]

[1, 2]			[-7 18]
[2, 1]			[ 26 -67]

[1, 0]			[-35  92]
[0, 1]			[-8 21]

[1, 2]			[-19  50]
[2, 1]			[-46 121]

[1, 2]			[-19  50]
[2, 1]			[ 30 -79]

[1, 2]			[-31  82]
[2, 1]			[-14  37]

[1, 0]			[-3  8]
[0, 1]			[-20  53]

[1, 2]			[ 25 -66]
[2, 1]			[-14  37]

[1, 2]			[ 13 -34]
[2, 1]			[ 18 -47]

[1, 0]			[ 29 -76]
[0, 1]			[-8 21]

[1, 2]			[ 13 -34]
[2, 1]			[-34  89]

[1, 0]			[ 13 -36]
[0, 1]			[  4 -11]

[1, 2]			[  5 -14]
[2, 1]			[ 14 -39]

[1, 2]			[  5 -14]
[2, 1]			[-6 17]

[1, 2]			[-11  30]
[2, 1]			[-18  49]

[1, 0]			[-19  52]
[0, 1]			[  4 -11]

[1, 2]			[-11  30]
[2, 1]			[ 26 -71]

[1, 2]			[ 17 -46]
[2, 1]			[ 10 -27]

[1, 2]			[-23  62]
[2, 1]			[ 10 -27]

[1, 0]			[-3  8]
[0, 1]			[ 16 -43]

[1, 0]			[ 37 -88]
[0, 1]			[  8 -19]

[1, 2]			[ 21 -50]
[2, 1]			[  50 -119]

[1, 2]			[ 21 -50]
[2, 1]			[-34  81]

[1, 2]			[ 41 -98]
[2, 1]			[ 18 -43]

[1, 0]			[  5 -12]
[0, 1]			[ 28 -67]

[1, 2]			[-31  74]
[2, 1]			[ 18 -43]

[1, 2]			[-11  26]
[2, 1]			[-14  33]

[1, 0]			[-27  64]
[0, 1]			[  8 -19]

[1, 2]			[-11  26]
[2, 1]			[ 30 -71]

[1, 0]			[  41 -100]
[0, 1]			[ 16 -39]

[1, 2]			[  9 -22]
[2, 1]			[ 34 -83]

[1, 0]			[-23  56]
[0, 1]			[ 16 -39]

[1, 0]			[ 13 -32]
[0, 1]			[ 24 -59]

[1, 2]			[ 17 -42]
[2, 1]			[-2  5]

[1, 0]			[ 13 -32]
[0, 1]			[-28  69]

[1, 0]			[-31  76]
[0, 1]			[-20  49]

[1, 0]			[  49 -120]
[0, 1]			[-20  49]

[1, 2]			[  9 -22]
[2, 1]			[-38  93]

[1, 0]			[-43 104]
[0, 1]			[-12  29]

[1, 2]			[-19  46]
[2, 1]			[-50 121]

[1, 2]			[-19  46]
[2, 1]			[ 26 -63]

[1, 2]			[ 29 -70]
[2, 1]			[  46 -111]

[1, 0]			[  53 -128]
[0, 1]			[-12  29]

[1, 2]			[ 29 -70]
[2, 1]			[-70 169]

[1, 2]			[-39  94]
[2, 1]			[-22  53]

[1, 2]			[  49 -118]
[2, 1]			[-22  53]

[1, 0]			[  5 -12]
[0, 1]			[-32  77]

[1, 0]			[-23  52]
[0, 1]			[-4  9]

[1, 2]			[-15  34]
[2, 1]			[-34  77]

[1, 2]			[-15  34]
[2, 1]			[ 26 -59]

[1, 2]			[-43  98]
[2, 1]			[-18  41]

[1, 0]			[-7 16]
[0, 1]			[-32  73]

[1, 2]			[ 29 -66]
[2, 1]			[-18  41]

[1, 2]			[ 13 -30]
[2, 1]			[ 10 -23]

[1, 2]			[-27  62]
[2, 1]			[ 10 -23]

[1, 0]			[-7 16]
[0, 1]			[ 24 -55]

[1, 2]			[ 37 -82]
[2, 1]			[ 14 -31]

[1, 0]			[  9 -20]
[0, 1]			[ 32 -71]

[1, 2]			[-19  42]
[2, 1]			[ 14 -31]

[1, 2]			[ 17 -38]
[2, 1]			[ 30 -67]

[1, 0]			[ 25 -56]
[0, 1]			[-4  9]

[1, 2]			[ 17 -38]
[2, 1]			[-38  85]

[1, 2]			[-35  78]
[2, 1]			[-22  49]

[1, 2]			[  53 -118]
[2, 1]			[-22  49]

[1, 0]			[  9 -20]
[0, 1]			[-40  89]

[1, 2]			[-23  50]
[2, 1]			[-6 13]

[1, 0]			[-11  24]
[0, 1]			[-28  61]

[1, 0]			[-11  24]
[0, 1]			[ 16 -35]

[1, 0]			[ 13 -28]
[0, 1]			[ 20 -43]

[1, 2]			[ 25 -54]
[2, 1]			[-6 13]

[1, 0]			[ 13 -28]
[0, 1]			[-32  69]

[1, 0]			[-15  32]
[0, 1]			[-8 17]

[1, 0]			[ 17 -36]
[0, 1]			[-8 17]

[1, 2]			[ 1 -2]
[2, 1]			[-10  21]

[1, 2]			[-19  10]
[2, 1]			[-2  1]

[1, 0]			[-15   8]
[0, 1]			[-32  17]

[1, 0]			[-15   8]
[0, 1]			[ 28 -15]

[1, 0]			[-59  32]
[0, 1]			[-24  13]

[1, 2]			[-11   6]
[2, 1]			[-46  25]

[1, 0]			[ 37 -20]
[0, 1]			[-24  13]

[1, 0]			[ 29 -16]
[0, 1]			[ 20 -11]

[1, 0]			[-51  28]
[0, 1]			[ 20 -11]

[1, 2]			[-11   6]
[2, 1]			[ 42 -23]

[1, 0]			[-71  40]
[0, 1]			[-16   9]

[1, 2]			[-39  22]
[2, 1]			[-94  53]

[1, 2]			[-39  22]
[2, 1]			[ 62 -35]

[1, 2]			[-67  38]
[2, 1]			[-30  17]

[1, 0]			[-7  4]
[0, 1]			[-44  25]

[1, 2]			[ 53 -30]
[2, 1]			[-30  17]

[1, 2]			[ 25 -14]
[2, 1]			[ 34 -19]

[1, 0]			[ 57 -32]
[0, 1]			[-16   9]

[1, 2]			[ 25 -14]
[2, 1]			[-66  37]

[1, 0]			[ 41 -24]
[0, 1]			[12 -7]

[1, 2]			[ 17 -10]
[2, 1]			[ 46 -27]

[1, 2]			[ 17 -10]
[2, 1]			[-22  13]

[1, 2]			[-31  18]
[2, 1]			[-50  29]

[1, 0]			[-55  32]
[0, 1]			[12 -7]

[1, 2]			[-31  18]
[2, 1]			[ 74 -43]

[1, 2]			[ 45 -26]
[2, 1]			[ 26 -15]

[1, 2]			[-59  34]
[2, 1]			[ 26 -15]

[1, 0]			[-7  4]
[0, 1]			[ 40 -23]

[1, 0]			[-51  32]
[0, 1]			[-8  5]

[1, 2]			[-35  22]
[2, 1]			[-78  49]

[1, 2]			[-35  22]
[2, 1]			[ 62 -39]

[1, 2]			[-111   70]
[2, 1]			[-46  29]

[1, 0]			[-19  12]
[0, 1]			[-84  53]

[1, 2]			[ 73 -46]
[2, 1]			[-46  29]

[1, 2]			[ 41 -26]
[2, 1]			[ 30 -19]

[1, 2]			[-79  50]
[2, 1]			[ 30 -19]

[1, 0]			[-19  12]
[0, 1]			[ 68 -43]

[1, 2]			[-59  38]
[2, 1]			[-14   9]

[1, 0]			[-31  20]
[0, 1]			[-76  49]

[1, 0]			[-31  20]
[0, 1]			[ 48 -31]

[1, 0]			[-43  28]
[0, 1]			[-20  13]

[1, 2]			[-3  2]
[2, 1]			[-26  17]

[1, 0]			[ 37 -24]
[0, 1]			[-20  13]

[1, 0]			[ 25 -16]
[0, 1]			[ 36 -23]

[1, 2]			[ 53 -34]
[2, 1]			[-14   9]

[1, 0]			[ 25 -16]
[0, 1]			[-64  41]

[1, 2]			[ 49 -30]
[2, 1]			[ 18 -11]

[1, 0]			[13 -8]
[0, 1]			[ 44 -27]

[1, 2]			[-23  14]
[2, 1]			[ 18 -11]

[1, 2]			[ 29 -18]
[2, 1]			[ 50 -31]

[1, 0]			[ 45 -28]
[0, 1]			[-8  5]

[1, 2]			[ 29 -18]
[2, 1]			[-66  41]

[1, 2]			[-55  34]
[2, 1]			[-34  21]

[1, 2]			[ 81 -50]
[2, 1]			[-34  21]

[1, 0]			[13 -8]
[0, 1]			[-60  37]

[1, 0]			[ 21 -16]
[0, 1]			[ 4 -3]

[1, 2]			[ 13 -10]
[2, 1]			[ 30 -23]

[1, 2]			[ 13 -10]
[2, 1]			[-22  17]

[1, 2]			[ 33 -26]
[2, 1]			[ 14 -11]

[1, 0]			[ 5 -4]
[0, 1]			[ 24 -19]

[1, 2]			[-23  18]
[2, 1]			[ 14 -11]

[1, 2]			[-7  6]
[2, 1]			[-6  5]

[1, 2]			[ 17 -14]
[2, 1]			[-6  5]

[1, 0]			[ 5 -4]
[0, 1]			[-16  13]

[1, 2]			[-47  34]
[2, 1]			[-18  13]

[1, 0]			[-11   8]
[0, 1]			[-40  29]

[1, 2]			[ 25 -18]
[2, 1]			[-18  13]

[1, 2]			[-19  14]
[2, 1]			[-34  25]

[1, 0]			[-27  20]
[0, 1]			[ 4 -3]

[1, 2]			[-19  14]
[2, 1]			[ 42 -31]

[1, 2]			[ 41 -30]
[2, 1]			[ 26 -19]

[1, 2]			[-63  46]
[2, 1]			[ 26 -19]

[1, 0]			[-11   8]
[0, 1]			[ 48 -35]

[1, 2]			[ 37 -26]
[2, 1]			[10 -7]

[1, 0]			[ 17 -12]
[0, 1]			[ 44 -31]

[1, 0]			[ 17 -12]
[0, 1]			[-24  17]

[1, 0]			[-23  16]
[0, 1]			[-36  25]

[1, 2]			[-43  30]
[2, 1]			[10 -7]

[1, 0]			[-23  16]
[0, 1]			[ 56 -39]

[1, 0]			[ 29 -20]
[0, 1]			[ 16 -11]

[1, 0]			[-35  24]
[0, 1]			[ 16 -11]

[1, 2]			[-3  2]
[2, 1]			[ 22 -15]

[1, 0]			[ 53 -20]
[0, 1]			[ 8 -3]

[1, 2]			[ 37 -14]
[2, 1]			[ 82 -31]

[1, 2]			[ 37 -14]
[2, 1]			[-66  25]

[1, 2]			[121 -46]
[2, 1]			[ 50 -19]

[1, 0]			[21 -8]
[0, 1]			[ 92 -35]

[1, 2]			[-79  30]
[2, 1]			[ 50 -19]

[1, 2]			[-47  18]
[2, 1]			[-34  13]

[1, 2]			[ 89 -34]
[2, 1]			[-34  13]

[1, 0]			[21 -8]
[0, 1]			[-76  29]

[1, 2]			[ 77 -30]
[2, 1]			[18 -7]

[1, 0]			[ 41 -16]
[0, 1]			[100 -39]

[1, 0]			[ 41 -16]
[0, 1]			[-64  25]

[1, 0]			[ 61 -24]
[0, 1]			[ 28 -11]

[1, 2]			[ 5 -2]
[2, 1]			[ 38 -15]

[1, 0]			[-51  20]
[0, 1]			[ 28 -11]

[1, 0]			[-31  12]
[0, 1]			[-44  17]

[1, 2]			[-67  26]
[2, 1]			[18 -7]

[1, 0]			[-31  12]
[0, 1]			[ 80 -31]

[1, 2]			[-39  14]
[2, 1]			[-14   5]

[1, 0]			[-11   4]
[0, 1]			[-36  13]

[1, 2]			[17 -6]
[2, 1]			[-14   5]

[1, 2]			[-27  10]
[2, 1]			[-46  17]

[1, 0]			[-43  16]
[0, 1]			[ 8 -3]

[1, 2]			[-27  10]
[2, 1]			[ 62 -23]

[1, 2]			[ 49 -18]
[2, 1]			[ 30 -11]

[1, 2]			[-71  26]
[2, 1]			[ 30 -11]

[1, 0]			[-11   4]
[0, 1]			[ 52 -19]

[1, 0]			[ 73 -32]
[0, 1]			[16 -7]

[1, 2]			[ 41 -18]
[2, 1]			[ 98 -43]

[1, 2]			[ 41 -18]
[2, 1]			[-66  29]

[1, 2]			[ 77 -34]
[2, 1]			[ 34 -15]

[1, 0]			[ 9 -4]
[0, 1]			[ 52 -23]

[1, 2]			[-59  26]
[2, 1]			[ 34 -15]

[1, 2]			[-23  10]
[2, 1]			[-30  13]

[1, 0]			[-55  24]
[0, 1]			[16 -7]

[1, 2]			[-23  10]
[2, 1]			[ 62 -27]

[1, 0]			[ 61 -28]
[0, 1]			[ 24 -11]

[1, 2]			[13 -6]
[2, 1]			[ 50 -23]

[1, 0]			[-35  16]
[0, 1]			[ 24 -11]

[1, 0]			[17 -8]
[0, 1]			[ 32 -15]

[1, 2]			[ 21 -10]
[2, 1]			[-2  1]

[1, 0]			[17 -8]
[0, 1]			[-36  17]

[1, 0]			[-43  20]
[0, 1]			[-28  13]

[1, 0]			[ 69 -32]
[0, 1]			[-28  13]

[1, 2]			[13 -6]
[2, 1]			[-54  25]

[1, 0]			[-71  32]
[0, 1]			[-20   9]

[1, 2]			[-31  14]
[2, 1]			[-82  37]

[1, 2]			[-31  14]
[2, 1]			[ 42 -19]

[1, 2]			[ 49 -22]
[2, 1]			[ 78 -35]

[1, 0]			[ 89 -40]
[0, 1]			[-20   9]

[1, 2]			[ 49 -22]
[2, 1]			[-118   53]

[1, 2]			[-67  30]
[2, 1]			[-38  17]

[1, 2]			[ 85 -38]
[2, 1]			[-38  17]

[1, 0]			[ 9 -4]
[0, 1]			[-56  25]

[1, 0]			[-67  28]
[0, 1]			[-12   5]

[1, 2]			[-43  18]
[2, 1]			[-98  41]

[1, 2]			[-43  18]
[2, 1]			[ 74 -31]

[1, 2]			[-119   50]
[2, 1]			[-50  21]

[1, 0]			[-19   8]
[0, 1]			[-88  37]

[1, 2]			[ 81 -34]
[2, 1]			[-50  21]

[1, 2]			[ 33 -14]
[2, 1]			[ 26 -11]

[1, 2]			[-71  30]
[2, 1]			[ 26 -11]

[1, 0]			[-19   8]
[0, 1]			[ 64 -27]

[1, 2]			[121 -50]
[2, 1]			[ 46 -19]

[1, 0]			[ 29 -12]
[0, 1]			[104 -43]

[1, 2]			[-63  26]
[2, 1]			[ 46 -19]

[1, 2]			[ 53 -22]
[2, 1]			[ 94 -39]

[1, 0]			[ 77 -32]
[0, 1]			[-12   5]

[1, 2]			[ 53 -22]
[2, 1]			[-118   49]

[1, 2]			[-111   46]
[2, 1]			[-70  29]

[1, 2]			[169 -70]
[2, 1]			[-70  29]

[1, 0]			[ 29 -12]
[0, 1]			[-128   53]

[1, 2]			[-83  34]
[2, 1]			[-22   9]

[1, 0]			[-39  16]
[0, 1]			[-100   41]

[1, 0]			[-39  16]
[0, 1]			[ 56 -23]

[1, 0]			[ 49 -20]
[0, 1]			[ 76 -31]

[1, 2]			[ 93 -38]
[2, 1]			[-22   9]

[1, 0]			[ 49 -20]
[0, 1]			[-120   49]

[1, 0]			[-59  24]
[0, 1]			[-32  13]

[1, 0]			[ 69 -28]
[0, 1]			[-32  13]

[1, 2]			[ 5 -2]
[2, 1]			[-42  17]

[1, 0]			[-31   8]
[0, 1]			[-4  1]

[1, 2]			[-23   6]
[2, 1]			[-50  13]

[1, 2]			[-23   6]
[2, 1]			[ 42 -11]

[1, 2]			[-83  22]
[2, 1]			[-34   9]

[1, 0]			[-15   4]
[0, 1]			[-64  17]

[1, 2]			[ 53 -14]
[2, 1]			[-34   9]

[1, 2]			[ 37 -10]
[2, 1]			[26 -7]

[1, 2]			[-67  18]
[2, 1]			[26 -7]

[1, 0]			[-15   4]
[0, 1]			[ 56 -15]

[1, 2]			[-79  22]
[2, 1]			[-18   5]

[1, 0]			[-43  12]
[0, 1]			[-104   29]

[1, 0]			[-43  12]
[0, 1]			[ 68 -19]

[1, 0]			[-71  20]
[0, 1]			[-32   9]

[1, 2]			[-7  2]
[2, 1]			[-46  13]

[1, 0]			[ 57 -16]
[0, 1]			[-32   9]

[1, 0]			[29 -8]
[0, 1]			[ 40 -11]

[1, 2]			[ 65 -18]
[2, 1]			[-18   5]

[1, 0]			[29 -8]
[0, 1]			[-76  21]

[1, 2]			[ 33 -10]
[2, 1]			[10 -3]

[1, 0]			[13 -4]
[0, 1]			[ 36 -11]

[1, 0]			[13 -4]
[0, 1]			[-16   5]

[1, 0]			[-27   8]
[0, 1]			[-44  13]

[1, 2]			[-47  14]
[2, 1]			[10 -3]

[1, 0]			[-27   8]
[0, 1]			[ 64 -19]

[1, 0]			[ 41 -12]
[0, 1]			[24 -7]

[1, 0]			[-55  16]
[0, 1]			[24 -7]

[1, 2]			[-7  2]
[2, 1]			[ 38 -11]

[1, 2]			[ 65 -14]
[2, 1]			[14 -3]

[1, 0]			[37 -8]
[0, 1]			[ 88 -19]

[1, 0]			[37 -8]
[0, 1]			[-60  13]

[1, 0]			[ 73 -16]
[0, 1]			[32 -7]

[1, 2]			[ 9 -2]
[2, 1]			[ 50 -11]

[1, 0]			[-55  12]
[0, 1]			[32 -7]

[1, 0]			[-19   4]
[0, 1]			[-24   5]

[1, 2]			[-47  10]
[2, 1]			[14 -3]

[1, 0]			[-19   4]
[0, 1]			[ 52 -11]

[1, 2]			[ 77 -18]
[2, 1]			[30 -7]

[1, 0]			[17 -4]
[0, 1]			[ 64 -15]

[1, 2]			[-43  10]
[2, 1]			[30 -7]

[1, 2]			[25 -6]
[2, 1]			[ 46 -11]

[1, 0]			[33 -8]
[0, 1]			[-4  1]

[1, 2]			[25 -6]
[2, 1]			[-54  13]

[1, 2]			[-59  14]
[2, 1]			[-38   9]

[1, 2]			[ 93 -22]
[2, 1]			[-38   9]

[1, 0]			[17 -4]
[0, 1]			[-72  17]

[1, 2]			[-79  18]
[2, 1]			[-22   5]

[1, 0]			[-35   8]
[0, 1]			[-92  21]

[1, 0]			[-35   8]
[0, 1]			[ 48 -11]

[1, 0]			[ 53 -12]
[0, 1]			[ 84 -19]

[1, 2]			[ 97 -22]
[2, 1]			[-22   5]

[1, 0]			[ 53 -12]
[0, 1]			[-128   29]

[1, 0]			[-71  16]
[0, 1]			[-40   9]

[1, 0]			[ 89 -20]
[0, 1]			[-40   9]

[1, 2]			[ 9 -2]
[2, 1]			[-58  13]

[1, 2]			[-35   6]
[2, 1]			[-6  1]

[1, 0]			[-23   4]
[0, 1]			[-52   9]

[1, 0]			[-23   4]
[0, 1]			[40 -7]

[1, 0]			[-67  12]
[0, 1]			[-28   5]

[1, 2]			[-11   2]
[2, 1]			[-50   9]

[1, 0]			[45 -8]
[0, 1]			[-28   5]

[1, 0]			[21 -4]
[0, 1]			[16 -3]

[1, 0]			[-43   8]
[0, 1]			[16 -3]

[1, 2]			[-11   2]
[2, 1]			[38 -7]

[1, 0]			[53 -8]
[0, 1]			[20 -3]

[1, 2]			[13 -2]
[2, 1]			[46 -7]

[1, 0]			[-27   4]
[0, 1]			[20 -3]

[1, 0]			[25 -4]
[0, 1]			[44 -7]

[1, 2]			[37 -6]
[2, 1]			[-6  1]

[1, 0]			[25 -4]
[0, 1]			[-56   9]

[1, 0]			[-51   8]
[0, 1]			[-32   5]

[1, 0]			[ 77 -12]
[0, 1]			[-32   5]

[1, 2]			[13 -2]
[2, 1]			[-58   9]

[1, 0]			[-31   4]
[0, 1]			[-8  1]

[1, 2]			[-15   2]
[2, 1]			[-38   5]

[1, 2]			[-15   2]
[2, 1]			[22 -3]

[1, 2]			[17 -2]
[2, 1]			[26 -3]

[1, 0]			[33 -4]
[0, 1]			[-8  1]

[1, 2]			[17 -2]
[2, 1]			[-42   5]

[1, 2]			[-19   2]
[2, 1]			[-10   1]

[1, 2]			[21 -2]
[2, 1]			[-10   1]

[1, 0]			[1 0]
[0, 1]			[-12   1]

