[33  8]
[4 1]

[33  4]
[8 1]

[-31  -4]
[8 1]

[-31  -8]
[4 1]

[-31   8]
[-4  1]

[33 -8]
[-4  1]

[-31   4]
[-8  1]

[33 -4]
[-8  1]

[65 16]
[4 1]

[577 140]
[136  33]

[-511 -124]
[136  33]

[-479 -116]
[-128  -31]

[545 132]
[-128  -31]

[593 140]
[72 17]

[577 136]
[140  33]

[-543 -128]
[140  33]

[-559 -132]
[72 17]

[-495 -116]
[-64 -15]

[529 124]
[-64 -15]

[-511 -120]
[-132  -31]

[545 128]
[-132  -31]

[97 12]
[8 1]

[593  72]
[140  17]

[-527  -64]
[140  17]

[-463  -56]
[-124  -15]

[529  64]
[-124  -15]

[97  8]
[12  1]

[65  4]
[16  1]

[-63  -4]
[16  1]

[-95  -8]
[12  1]

[-495  -64]
[-116  -15]

[433  56]
[-116  -15]

[-95 -12]
[8 1]

[497  64]
[132  17]

[-559  -72]
[132  17]

[-463 -124]
[-56 -15]

[-479 -128]
[-116  -31]

[449 120]
[-116  -31]

[433 116]
[-56 -15]

[-511 -132]
[-120  -31]

[449 116]
[-120  -31]

[-63 -16]
[4 1]

[481 124]
[128  33]

[-543 -140]
[128  33]

[497 132]
[64 17]

[-527 -140]
[64 17]

[481 128]
[124  33]

[-511 -136]
[124  33]

[-63  16]
[-4  1]

[-543  140]
[-128   33]

[ 481 -124]
[-128   33]

[ 449 -116]
[120 -31]

[-511  132]
[120 -31]

[-527  140]
[-64  17]

[-511  136]
[-124   33]

[ 481 -128]
[-124   33]

[ 497 -132]
[-64  17]

[ 433 -116]
[ 56 -15]

[-463  124]
[ 56 -15]

[ 449 -120]
[116 -31]

[-479  128]
[116 -31]

[ 529 -124]
[ 64 -15]

[ 545 -128]
[132 -31]

[-511  120]
[132 -31]

[-495  116]
[ 64 -15]

[ 545 -132]
[128 -31]

[-479  116]
[128 -31]

[ 65 -16]
[-4  1]

[-511  124]
[-136   33]

[ 577 -140]
[-136   33]

[-559  132]
[-72  17]

[ 593 -140]
[-72  17]

[-543  128]
[-140   33]

[ 577 -136]
[-140   33]

[-95  12]
[-8  1]

[-559   72]
[-132   17]

[497 -64]
[-132   17]

[433 -56]
[116 -15]

[-495   64]
[116 -15]

[529 -64]
[124 -15]

[-463   56]
[124 -15]

[ 97 -12]
[-8  1]

[-527   64]
[-140   17]

[593 -72]
[-140   17]

[-95   8]
[-12   1]

[97 -8]
[-12   1]

[-63   4]
[-16   1]

[65 -4]
[-16   1]

[97 24]
[4 1]

[1121  276]
[264  65]

[-991 -244]
[264  65]

[-959 -236]
[-256  -63]

[1089  268]
[-256  -63]

[1649  404]
[200  49]

[1633  400]
[396  97]

[-1535  -376]
[396  97]

[-1551  -380]
[200  49]

[-1487  -364]
[-192  -47]

[1585  388]
[-192  -47]

[-1503  -368]
[-388  -95]

[1601  392]
[-388  -95]

[1665  404]
[136  33]

[10353  2512]
[2444  593]

[-9199 -2232]
[2444  593]

[-8111 -1968]
[-2172  -527]

[9265 2248]
[-2172  -527]

[2177  528]
[268  65]

[1633  396]
[400  97]

[-1567  -380]
[400  97]

[-2111  -512]
[268  65]

[-8143 -1976]
[-1908  -463]

[7121 1728]
[-1908  -463]

[-1599  -388]
[136  33]

[8209 1992]
[2180  529]

[-9231 -2240]
[2180  529]

[-1503  -364]
[-128  -31]

[-8655 -2096]
[-2044  -495]

[7697 1864]
[-2044  -495]

[6673 1616]
[1788  433]

[-7631 -1848]
[1788  433]

[8753 2120]
[2052  497]

[-7663 -1856]
[2052  497]

[1569  380]
[-128  -31]

[-8687 -2104]
[-2308  -559]

[9777 2368]
[-2308  -559]

[-2047  -496]
[-260  -63]

[2113  512]
[-260  -63]

[-1535  -372]
[-392  -95]

[1601  388]
[-392  -95]

[1169  276]
[72 17]

[10369  2448]
[2444  577]

[-9183 -2168]
[2444  577]

[-8607 -2032]
[-2300  -543]

[9793 2312]
[-2300  -543]

[10641  2512]
[1292  305]

[10353  2444]
[2512  593]

[-9743 -2300]
[2512  593]

[-10031  -2368]
[1292  305]

[-8879 -2096]
[-1148  -271]

[9489 2240]
[-1148  -271]

[-9167 -2164]
[-2368  -559]

[9777 2308]
[-2368  -559]

[1697  400]
[140  33]

[10369  2444]
[2448  577]

[-9215 -2172]
[2448  577]

[-8095 -1908]
[-2168  -511]

[9249 2180]
[-2168  -511]

[1681  396]
[208  49]

[1121  264]
[276  65]

[-1087  -256]
[276  65]

[-1647  -388]
[208  49]

[-8671 -2044]
[-2032  -479]

[7585 1788]
[-2032  -479]

[-1663  -392]
[140  33]

[8705 2052]
[2312  545]

[-9791 -2308]
[2312  545]

[-8367 -1976]
[-1012  -239]

[-8655 -2044]
[-2096  -495]

[8113 1916]
[-2096  -495]

[7825 1848]
[-1012  -239]

[-9215 -2176]
[-2164  -511]

[8097 1912]
[-2164  -511]

[-1135  -268]
[72 17]

[8673 2048]
[2308  545]

[-9791 -2312]
[2308  545]

[8977 2120]
[1156  273]

[-9519 -2248]
[1156  273]

[8689 2052]
[2240  529]

[-9231 -2180]
[2240  529]

[-1007  -236]
[-64 -15]

[-8671 -2032]
[-2044  -479]

[7681 1800]
[-2044  -479]

[7169 1680]
[1916  449]

[-8159 -1912]
[1916  449]

[-8399 -1968]
[-1020  -239]

[-8143 -1908]
[-1976  -463]

[7665 1796]
[-1976  -463]

[7921 1856]
[-1020  -239]

[6897 1616]
[892 209]

[-7375 -1728]
[892 209]

[7153 1676]
[1848  433]

[-7631 -1788]
[1848  433]

[8497 1992]
[1028  241]

[8753 2052]
[2120  497]

[-8207 -1924]
[2120  497]

[-7951 -1864]
[1028  241]

[8737 2048]
[2052  481]

[-7679 -1800]
[2052  481]

[1041  244]
[-64 -15]

[-8191 -1920]
[-2180  -511]

[9249 2168]
[-2180  -511]

[-8975 -2104]
[-1156  -271]

[9521 2232]
[-1156  -271]

[-8719 -2044]
[-2248  -527]

[9265 2172]
[-2248  -527]

[-1567  -368]
[-132  -31]

[-9215 -2164]
[-2176  -511]

[8193 1924]
[-2176  -511]

[7137 1676]
[1912  449]

[-8159 -1916]
[1912  449]

[8737 2052]
[2048  481]

[-7647 -1796]
[2048  481]

[1601  376]
[-132  -31]

[-8703 -2044]
[-2312  -543]

[9793 2300]
[-2312  -543]

[-1583  -372]
[-200  -47]

[1617  380]
[-200  -47]

[-1055  -248]
[-268  -63]

[1089  256]
[-268  -63]

[161  20]
[8 1]

[1681  208]
[396  49]

[-1487  -184]
[396  49]

[-1423  -176]
[-380  -47]

[1617  200]
[-380  -47]

[2209  272]
[268  33]

[2177  268]
[528  65]

[-2047  -252]
[528  65]

[-2079  -256]
[268  33]

[-1951  -240]
[-252  -31]

[2081  256]
[-252  -31]

[-1983  -244]
[-512  -63]

[2113  260]
[-512  -63]

[1713  208]
[140  17]

[10641  1292]
[2512  305]

[-9455 -1148]
[2512  305]

[-8335 -1012]
[-2232  -271]

[9521 1156]
[-2232  -271]

[2209  268]
[272  33]

[1649  200]
[404  49]

[-1583  -192]
[404  49]

[-2143  -260]
[272  33]

[-8399 -1020]
[-1968  -239]

[7345  892]
[-1968  -239]

[-1647  -200]
[140  17]

[8465 1028]
[2248  273]

[-9519 -1156]
[2248  273]

[-1455  -176]
[-124  -15]

[-8367 -1012]
[-1976  -239]

[7441  900]
[-1976  -239]

[6449  780]
[1728  209]

[-7375  -892]
[1728  209]

[8497 1028]
[1992  241]

[-7439  -900]
[1992  241]

[1521  184]
[-124  -15]

[-8431 -1020]
[-2240  -271]

[9489 1148]
[-2240  -271]

[-2015  -244]
[-256  -31]

[2081  252]
[-256  -31]

[-1519  -184]
[-388  -47]

[1585  192]
[-388  -47]

[193  16]
[12  1]

[1697  140]
[400  33]

[-1503  -124]
[400  33]

[-1407  -116]
[-376  -31]

[1601  132]
[-376  -31]

[1713  140]
[208  17]

[1665  136]
[404  33]

[-1567  -128]
[404  33]

[-1615  -132]
[208  17]

[-1423  -116]
[-184  -15]

[1521  124]
[-184  -15]

[-1471  -120]
[-380  -31]

[1569  128]
[-380  -31]

[193  12]
[16  1]

[1169   72]
[276  17]

[-1039   -64]
[276  17]

[-911  -56]
[-244  -15]

[1041   64]
[-244  -15]

[161   8]
[20  1]

[97  4]
[24  1]

[-95  -4]
[24  1]

[-159   -8]
[20  1]

[-1007   -64]
[-236  -15]

[881  56]
[-236  -15]

[-191  -12]
[16  1]

[1009   64]
[268  17]

[-1135   -72]
[268  17]

[-1455  -124]
[-176  -15]

[-1503  -128]
[-364  -31]

[1409  120]
[-364  -31]

[1361  116]
[-176  -15]

[-1567  -132]
[-368  -31]

[1377  116]
[-368  -31]

[-191  -16]
[12  1]

[1473  124]
[392  33]

[-1663  -140]
[392  33]

[1553  132]
[200  17]

[-1647  -140]
[200  17]

[1505  128]
[388  33]

[-1599  -136]
[388  33]

[-1423  -184]
[-116  -15]

[-8879 -1148]
[-2096  -271]

[7889 1020]
[-2096  -271]

[6961  900]
[1864  241]

[-7951 -1028]
[1864  241]

[-1951  -252]
[-240  -31]

[-1487  -192]
[-364  -47]

[1425  184]
[-364  -47]

[1889  244]
[-240  -31]

[6897  892]
[1616  209]

[-6031  -780]
[1616  209]

[1361  176]
[-116  -15]

[-6959  -900]
[-1848  -239]

[7825 1012]
[-1848  -239]

[-2015  -256]
[-244  -31]

[-2047  -260]
[-496  -63]

[1921  244]
[-496  -63]

[1889  240]
[-244  -31]

[-1583  -200]
[-372  -47]

[1393  176]
[-372  -47]

[-159  -20]
[8 1]

[1457  184]
[388  49]

[-1647  -208]
[388  49]

[2017  256]
[260  33]

[-2143  -272]
[260  33]

[1985  252]
[512  65]

[-2111  -268]
[512  65]

[1553  200]
[132  17]

[8977 1156]
[2120  273]

[-7983 -1028]
[2120  273]

[-6927  -892]
[-1856  -239]

[7921 1020]
[-1856  -239]

[-8975 -1156]
[-2104  -271]

[7857 1012]
[-2104  -271]

[-1615  -208]
[132  17]

[8913 1148]
[2368  305]

[-10031  -1292]
[2368  305]

[2017  260]
[256  33]

[-2079  -268]
[256  33]

[1489  192]
[380  49]

[-1551  -200]
[380  49]

[-911 -244]
[-56 -15]

[-8095 -2168]
[-1908  -511]

[7169 1920]
[-1908  -511]

[6721 1800]
[1796  481]

[-7647 -2048]
[1796  481]

[-8335 -2232]
[-1012  -271]

[-8111 -2172]
[-1968  -527]

[7633 2044]
[-1968  -527]

[7857 2104]
[-1012  -271]

[6961 1864]
[900 241]

[-7439 -1992]
[900 241]

[7185 1924]
[1856  497]

[-7663 -2052]
[1856  497]

[-1407  -376]
[-116  -31]

[-8607 -2300]
[-2032  -543]

[7649 2044]
[-2032  -543]

[6721 1796]
[1800  481]

[-7679 -2052]
[1800  481]

[-1423  -380]
[-176  -47]

[-959 -256]
[-236  -63]

[929 248]
[-236  -63]

[1393  372]
[-176  -47]

[7169 1916]
[1680  449]

[-6271 -1676]
[1680  449]

[1377  368]
[-116  -31]

[-7199 -1924]
[-1912  -511]

[8097 2164]
[-1912  -511]

[6449 1728]
[780 209]

[6673 1788]
[1616  433]

[-6255 -1676]
[1616  433]

[-6031 -1616]
[780 209]

[7137 1912]
[1676  449]

[-6271 -1680]
[1676  449]

[881 236]
[-56 -15]

[-6719 -1800]
[-1788  -479]

[7585 2032]
[-1788  -479]

[-6927 -1856]
[-892 -239]

[7345 1968]
[-892 -239]

[-6703 -1796]
[-1728  -463]

[7121 1908]
[-1728  -463]

[-1471  -380]
[-120  -31]

[-9167 -2368]
[-2164  -559]

[8145 2104]
[-2164  -559]

[7185 1856]
[1924  497]

[-8207 -2120]
[1924  497]

[-1983  -512]
[-244  -63]

[-1503  -388]
[-368  -95]

[1441  372]
[-368  -95]

[1921  496]
[-244  -63]

[7153 1848]
[1676  433]

[-6255 -1616]
[1676  433]

[1409  364]
[-120  -31]

[-7215 -1864]
[-1916  -495]

[8113 2096]
[-1916  -495]

[-1519  -388]
[-184  -47]

[-1535  -392]
[-372  -95]

[1441  368]
[-372  -95]

[1425  364]
[-184  -47]

[-1055  -268]
[-248  -63]

[929 236]
[-248  -63]

[-95 -24]
[4 1]

[961 244]
[256  65]

[-1087  -276]
[256  65]

[1489  380]
[192  49]

[-1583  -404]
[192  49]

[1473  376]
[380  97]

[-1567  -400]
[380  97]

[1505  388]
[128  33]

[8689 2240]
[2052  529]

[-7727 -1992]
[2052  529]

[-6703 -1728]
[-1796  -463]

[7665 1976]
[-1796  -463]

[-8719 -2248]
[-2044  -527]

[7633 1968]
[-2044  -527]

[-1567  -404]
[128  33]

[8657 2232]
[2300  593]

[-9743 -2512]
[2300  593]

[1985  512]
[252  65]

[-2047  -528]
[252  65]

[1473  380]
[376  97]

[-1535  -396]
[376  97]

[1009  268]
[64 17]

[8705 2312]
[2052  545]

[-7711 -2048]
[2052  545]

[-7199 -1912]
[-1924  -511]

[8193 2176]
[-1924  -511]

[8465 2248]
[1028  273]

[8209 2180]
[1992  529]

[-7727 -2052]
[1992  529]

[-7983 -2120]
[1028  273]

[-6959 -1848]
[-900 -239]

[7441 1976]
[-900 -239]

[-7215 -1916]
[-1864  -495]

[7697 2044]
[-1864  -495]

[-8431 -2240]
[-1020  -271]

[-8687 -2308]
[-2104  -559]

[8145 2164]
[-2104  -559]

[7889 2096]
[-1020  -271]

[-8703 -2312]
[-2044  -543]

[7649 2032]
[-2044  -543]

[-1039  -276]
[64 17]

[8161 2168]
[2172  577]

[-9215 -2448]
[2172  577]

[8913 2368]
[1148  305]

[-9455 -2512]
[1148  305]

[8657 2300]
[2232  593]

[-9199 -2444]
[2232  593]

[1473  392]
[124  33]

[8673 2308]
[2048  545]

[-7711 -2052]
[2048  545]

[-6719 -1788]
[-1800  -479]

[7681 2044]
[-1800  -479]

[-8191 -2180]
[-1920  -511]

[7169 1908]
[-1920  -511]

[-1503  -400]
[124  33]

[8161 2172]
[2168  577]

[-9183 -2444]
[2168  577]

[1457  388]
[184  49]

[-1487  -396]
[184  49]

[961 256]
[244  65]

[-991 -264]
[244  65]

[-95  24]
[-4  1]

[-1087   276]
[-256   65]

[ 961 -244]
[-256   65]

[ 929 -236]
[248 -63]

[-1055   268]
[248 -63]

[-1583   404]
[-192   49]

[-1567   400]
[-380   97]

[1473 -376]
[-380   97]

[1489 -380]
[-192   49]

[1425 -364]
[184 -47]

[-1519   388]
[184 -47]

[1441 -368]
[372 -95]

[-1535   392]
[372 -95]

[-1567   404]
[-128   33]

[-9743  2512]
[-2300   593]

[ 8657 -2232]
[-2300   593]

[ 7633 -1968]
[2044 -527]

[-8719  2248]
[2044 -527]

[-2047   528]
[-252   65]

[-1535   396]
[-376   97]

[1473 -380]
[-376   97]

[1985 -512]
[-252   65]

[ 7665 -1976]
[1796 -463]

[-6703  1728]
[1796 -463]

[1505 -388]
[-128   33]

[-7727  1992]
[-2052   529]

[ 8689 -2240]
[-2052   529]

[1409 -364]
[120 -31]

[ 8113 -2096]
[1916 -495]

[-7215  1864]
[1916 -495]

[-6255  1616]
[-1676   433]

[ 7153 -1848]
[-1676   433]

[-8207  2120]
[-1924   497]

[ 7185 -1856]
[-1924   497]

[-1471   380]
[120 -31]

[ 8145 -2104]
[2164 -559]

[-9167  2368]
[2164 -559]

[1921 -496]
[244 -63]

[-1983   512]
[244 -63]

[1441 -372]
[368 -95]

[-1503   388]
[368 -95]

[-1039   276]
[-64  17]

[-9215  2448]
[-2172   577]

[ 8161 -2168]
[-2172   577]

[ 7649 -2032]
[2044 -543]

[-8703  2312]
[2044 -543]

[-9455  2512]
[-1148   305]

[-9199  2444]
[-2232   593]

[ 8657 -2300]
[-2232   593]

[ 8913 -2368]
[-1148   305]

[ 7889 -2096]
[1020 -271]

[-8431  2240]
[1020 -271]

[ 8145 -2164]
[2104 -559]

[-8687  2308]
[2104 -559]

[-1503   400]
[-124   33]

[-9183  2444]
[-2168   577]

[ 8161 -2172]
[-2168   577]

[ 7169 -1908]
[1920 -511]

[-8191  2180]
[1920 -511]

[-1487   396]
[-184   49]

[-991  264]
[-244   65]

[ 961 -256]
[-244   65]

[1457 -388]
[-184   49]

[ 7681 -2044]
[1800 -479]

[-6719  1788]
[1800 -479]

[1473 -392]
[-124   33]

[-7711  2052]
[-2048   545]

[ 8673 -2308]
[-2048   545]

[ 7441 -1976]
[ 900 -239]

[ 7697 -2044]
[1864 -495]

[-7215  1916]
[1864 -495]

[-6959  1848]
[ 900 -239]

[ 8193 -2176]
[1924 -511]

[-7199  1912]
[1924 -511]

[1009 -268]
[-64  17]

[-7711  2048]
[-2052   545]

[ 8705 -2312]
[-2052   545]

[-7983  2120]
[-1028   273]

[ 8465 -2248]
[-1028   273]

[-7727  2052]
[-1992   529]

[ 8209 -2180]
[-1992   529]

[ 881 -236]
[ 56 -15]

[ 7585 -2032]
[1788 -479]

[-6719  1800]
[1788 -479]

[-6271  1680]
[-1676   449]

[ 7137 -1912]
[-1676   449]

[ 7345 -1968]
[ 892 -239]

[ 7121 -1908]
[1728 -463]

[-6703  1796]
[1728 -463]

[-6927  1856]
[ 892 -239]

[-6031  1616]
[-780  209]

[ 6449 -1728]
[-780  209]

[-6255  1676]
[-1616   433]

[ 6673 -1788]
[-1616   433]

[-7439  1992]
[-900  241]

[-7663  2052]
[-1856   497]

[ 7185 -1924]
[-1856   497]

[ 6961 -1864]
[-900  241]

[-7647  2048]
[-1796   481]

[ 6721 -1800]
[-1796   481]

[-911  244]
[ 56 -15]

[ 7169 -1920]
[1908 -511]

[-8095  2168]
[1908 -511]

[ 7857 -2104]
[1012 -271]

[-8335  2232]
[1012 -271]

[ 7633 -2044]
[1968 -527]

[-8111  2172]
[1968 -527]

[1377 -368]
[116 -31]

[ 8097 -2164]
[1912 -511]

[-7199  1924]
[1912 -511]

[-6271  1676]
[-1680   449]

[ 7169 -1916]
[-1680   449]

[-7679  2052]
[-1800   481]

[ 6721 -1796]
[-1800   481]

[-1407   376]
[116 -31]

[ 7649 -2044]
[2032 -543]

[-8607  2300]
[2032 -543]

[1393 -372]
[176 -47]

[-1423   380]
[176 -47]

[ 929 -248]
[236 -63]

[-959  256]
[236 -63]

[1041 -244]
[ 64 -15]

[ 9249 -2168]
[2180 -511]

[-8191  1920]
[2180 -511]

[-7679  1800]
[-2052   481]

[ 8737 -2048]
[-2052   481]

[ 9521 -2232]
[1156 -271]

[ 9265 -2172]
[2248 -527]

[-8719  2044]
[2248 -527]

[-8975  2104]
[1156 -271]

[-7951  1864]
[-1028   241]

[ 8497 -1992]
[-1028   241]

[-8207  1924]
[-2120   497]

[ 8753 -2052]
[-2120   497]

[1601 -376]
[132 -31]

[ 9793 -2300]
[2312 -543]

[-8703  2044]
[2312 -543]

[-7647  1796]
[-2048   481]

[ 8737 -2052]
[-2048   481]

[1617 -380]
[200 -47]

[1089 -256]
[268 -63]

[-1055   248]
[268 -63]

[-1583   372]
[200 -47]

[-8159  1916]
[-1912   449]

[ 7137 -1676]
[-1912   449]

[-1567   368]
[132 -31]

[ 8193 -1924]
[2176 -511]

[-9215  2164]
[2176 -511]

[-7375  1728]
[-892  209]

[-7631  1788]
[-1848   433]

[ 7153 -1676]
[-1848   433]

[ 6897 -1616]
[-892  209]

[-8159  1912]
[-1916   449]

[ 7169 -1680]
[-1916   449]

[-1007   236]
[ 64 -15]

[ 7681 -1800]
[2044 -479]

[-8671  2032]
[2044 -479]

[ 7921 -1856]
[1020 -239]

[-8399  1968]
[1020 -239]

[ 7665 -1796]
[1976 -463]

[-8143  1908]
[1976 -463]

[1569 -380]
[128 -31]

[ 9777 -2368]
[2308 -559]

[-8687  2104]
[2308 -559]

[-7663  1856]
[-2052   497]

[ 8753 -2120]
[-2052   497]

[2113 -512]
[260 -63]

[1601 -388]
[392 -95]

[-1535   372]
[392 -95]

[-2047   496]
[260 -63]

[-7631  1848]
[-1788   433]

[ 6673 -1616]
[-1788   433]

[-1503   364]
[128 -31]

[ 7697 -1864]
[2044 -495]

[-8655  2096]
[2044 -495]

[1585 -388]
[192 -47]

[1601 -392]
[388 -95]

[-1503   368]
[388 -95]

[-1487   364]
[192 -47]

[1089 -268]
[256 -63]

[-959  236]
[256 -63]

[ 97 -24]
[-4  1]

[-991  244]
[-264   65]

[1121 -276]
[-264   65]

[-1551   380]
[-200   49]

[1649 -404]
[-200   49]

[-1535   376]
[-396   97]

[1633 -400]
[-396   97]

[-1599   388]
[-136   33]

[-9231  2240]
[-2180   529]

[ 8209 -1992]
[-2180   529]

[ 7121 -1728]
[1908 -463]

[-8143  1976]
[1908 -463]

[ 9265 -2248]
[2172 -527]

[-8111  1968]
[2172 -527]

[1665 -404]
[-136   33]

[-9199  2232]
[-2444   593]

[10353 -2512]
[-2444   593]

[-2111   512]
[-268   65]

[2177 -528]
[-268   65]

[-1567   380]
[-400   97]

[1633 -396]
[-400   97]

[-1135   268]
[-72  17]

[-9791  2312]
[-2308   545]

[ 8673 -2048]
[-2308   545]

[ 8097 -1912]
[2164 -511]

[-9215  2176]
[2164 -511]

[-9519  2248]
[-1156   273]

[-9231  2180]
[-2240   529]

[ 8689 -2052]
[-2240   529]

[ 8977 -2120]
[-1156   273]

[ 7825 -1848]
[1012 -239]

[-8367  1976]
[1012 -239]

[ 8113 -1916]
[2096 -495]

[-8655  2044]
[2096 -495]

[ 9489 -2240]
[1148 -271]

[ 9777 -2308]
[2368 -559]

[-9167  2164]
[2368 -559]

[-8879  2096]
[1148 -271]

[ 9793 -2312]
[2300 -543]

[-8607  2032]
[2300 -543]

[1169 -276]
[-72  17]

[-9183  2168]
[-2444   577]

[10369 -2448]
[-2444   577]

[-10031   2368]
[-1292   305]

[10641 -2512]
[-1292   305]

[-9743  2300]
[-2512   593]

[10353 -2444]
[-2512   593]

[-1663   392]
[-140   33]

[-9791  2308]
[-2312   545]

[ 8705 -2052]
[-2312   545]

[ 7585 -1788]
[2032 -479]

[-8671  2044]
[2032 -479]

[ 9249 -2180]
[2168 -511]

[-8095  1908]
[2168 -511]

[1697 -400]
[-140   33]

[-9215  2172]
[-2448   577]

[10369 -2444]
[-2448   577]

[-1647   388]
[-208   49]

[1681 -396]
[-208   49]

[-1087   256]
[-276   65]

[1121 -264]
[-276   65]

[-159   20]
[-8  1]

[-1647   208]
[-388   49]

[1457 -184]
[-388   49]

[1393 -176]
[372 -47]

[-1583   200]
[372 -47]

[-2143   272]
[-260   33]

[-2111   268]
[-512   65]

[1985 -252]
[-512   65]

[2017 -256]
[-260   33]

[1889 -240]
[244 -31]

[-2015   256]
[244 -31]

[1921 -244]
[496 -63]

[-2047   260]
[496 -63]

[-1615   208]
[-132   17]

[-10031   1292]
[-2368   305]

[ 8913 -1148]
[-2368   305]

[ 7857 -1012]
[2104 -271]

[-8975  1156]
[2104 -271]

[-2079   268]
[-256   33]

[-1551   200]
[-380   49]

[1489 -192]
[-380   49]

[2017 -260]
[-256   33]

[ 7921 -1020]
[1856 -239]

[-6927   892]
[1856 -239]

[1553 -200]
[-132   17]

[-7983  1028]
[-2120   273]

[ 8977 -1156]
[-2120   273]

[1361 -176]
[116 -15]

[ 7825 -1012]
[1848 -239]

[-6959   900]
[1848 -239]

[-6031   780]
[-1616   209]

[6897 -892]
[-1616   209]

[-7951  1028]
[-1864   241]

[6961 -900]
[-1864   241]

[-1423   184]
[116 -15]

[ 7889 -1020]
[2096 -271]

[-8879  1148]
[2096 -271]

[1889 -244]
[240 -31]

[-1951   252]
[240 -31]

[1425 -184]
[364 -47]

[-1487   192]
[364 -47]

[1521 -184]
[124 -15]

[ 9489 -1148]
[2240 -271]

[-8431  1020]
[2240 -271]

[-7439   900]
[-1992   241]

[ 8497 -1028]
[-1992   241]

[2081 -252]
[256 -31]

[1585 -192]
[388 -47]

[-1519   184]
[388 -47]

[-2015   244]
[256 -31]

[-7375   892]
[-1728   209]

[6449 -780]
[-1728   209]

[-1455   176]
[124 -15]

[7441 -900]
[1976 -239]

[-8367  1012]
[1976 -239]

[2081 -256]
[252 -31]

[2113 -260]
[512 -63]

[-1983   244]
[512 -63]

[-1951   240]
[252 -31]

[1617 -200]
[380 -47]

[-1423   176]
[380 -47]

[161 -20]
[-8  1]

[-1487   184]
[-396   49]

[1681 -208]
[-396   49]

[-2079   256]
[-268   33]

[2209 -272]
[-268   33]

[-2047   252]
[-528   65]

[2177 -268]
[-528   65]

[-1647   200]
[-140   17]

[-9519  1156]
[-2248   273]

[ 8465 -1028]
[-2248   273]

[7345 -892]
[1968 -239]

[-8399  1020]
[1968 -239]

[ 9521 -1156]
[2232 -271]

[-8335  1012]
[2232 -271]

[1713 -208]
[-140   17]

[-9455  1148]
[-2512   305]

[10641 -1292]
[-2512   305]

[-2143   260]
[-272   33]

[2209 -268]
[-272   33]

[-1583   192]
[-404   49]

[1649 -200]
[-404   49]

[-191   16]
[-12   1]

[-1663   140]
[-392   33]

[1473 -124]
[-392   33]

[1377 -116]
[368 -31]

[-1567   132]
[368 -31]

[-1647   140]
[-200   17]

[-1599   136]
[-388   33]

[1505 -128]
[-388   33]

[1553 -132]
[-200   17]

[1361 -116]
[176 -15]

[-1455   124]
[176 -15]

[1409 -120]
[364 -31]

[-1503   128]
[364 -31]

[1521 -124]
[184 -15]

[1569 -128]
[380 -31]

[-1471   120]
[380 -31]

[-1423   116]
[184 -15]

[1601 -132]
[376 -31]

[-1407   116]
[376 -31]

[193 -16]
[-12   1]

[-1503   124]
[-400   33]

[1697 -140]
[-400   33]

[-1615   132]
[-208   17]

[1713 -140]
[-208   17]

[-1567   128]
[-404   33]

[1665 -136]
[-404   33]

[-191   12]
[-16   1]

[-1135    72]
[-268   17]

[1009  -64]
[-268   17]

[881 -56]
[236 -15]

[-1007    64]
[236 -15]

[1041  -64]
[244 -15]

[-911   56]
[244 -15]

[193 -12]
[-16   1]

[-1039    64]
[-276   17]

[1169  -72]
[-276   17]

[-159    8]
[-20   1]

[161  -8]
[-20   1]

[-95   4]
[-24   1]

[97 -4]
[-24   1]

